3
0
1 0 0 0 0 0 0 0 255 0 0 0.25
1 2.5 0 0 0 0 0 0 0 255 0 0.25
2 1.25 0 0 1 0 0 0 0 0 255 2.5 0.0375
end
0.025
1 2.42468e-007 0.00078125 0 0 0 0 0 255 0 0 0.25
1 2.5 -0.000520833 0 0 0 0 0 0 255 0 0.25
2 1.25 0.000130208 0 1 -0.000520833 0 0 0 0 255 2.5 0.0375
end
0.05
1 3.42583e-006 0.003125 0 0 0 0 0 255 0 0 0.25
1 2.5 -0.00208333 0 0 0 0 0 0 255 0 0.25
2 1.25 0.000520833 0 0.999998 -0.00208333 0 0 0 0 255 2.5 0.0375
end
0.075
1 1.68935e-005 0.00703122 0 0 0 0 0 255 0 0 0.25
1 2.49999 -0.00468748 0 0 0 0 0 0 255 0 0.25
2 1.25 0.00117187 0 0.999989 -0.00468748 0 0 0 0 255 2.5 0.0375
end
0.1
1 5.28653e-005 0.0124998 0 0 0 0 0 255 0 0 0.25
1 2.49996 -0.00833321 0 0 0 0 0 0 255 0 0.25
2 1.25001 0.0020833 0 0.999965 -0.00833322 0 0 0 0 255 2.5 0.0375
end
0.125
1 0.000128438 0.0195306 0 0 0 0 0 255 0 0 0.25
1 2.49991 -0.0130204 0 0 0 0 0 0 255 0 0.25
2 1.25002 0.00325509 0 0.999915 -0.0130204 0 0 0 0 255 2.5 0.0375
end
0.15
1 0.000265582 0.028123 0 0 0 0 0 255 0 0 0.25
1 2.49982 -0.0187487 0 0 0 0 0 0 255 0 0.25
2 1.25004 0.00468716 0 0.999824 -0.0187487 0 0 0 0 255 2.5 0.0375
end
0.175
1 0.000491142 0.0382762 0 0 0 0 0 255 0 0 0.25
1 2.49967 -0.0255175 0 0 0 0 0 0 255 0 0.25
2 1.25008 0.00637936 0 0.999674 -0.0255175 0 0 0 0 255 2.5 0.0375
end
0.2
1 0.000836843 0.0499888 0 0 0 0 0 255 0 0 0.25
1 2.49944 -0.0333258 0 0 0 0 0 0 255 0 0.25
2 1.25014 0.00833146 0 0.999445 -0.0333259 0 0 0 0 255 2.5 0.0375
end
0.225
1 0.00133925 0.0632585 0 0 0 0 0 255 0 0 0.25
1 2.49911 -0.0421723 0 0 0 0 0 0 255 0 0.25
2 1.25022 0.0105431 0 0.99911 -0.0421725 0 0 0 0 255 2.5 0.0375
end
0.25
1 0.00203961 0.0780823 0 0 0 0 0 255 0 0 0.25
1 2.49864 -0.0520549 0 0 0 0 0 0 255 0 0.25
2 1.25034 0.0130137 0 0.998644 -0.0520551 0 0 0 0 255 2.5 0.0375
end
0.275
1 0.00298418 0.0944557 0 0 0 0 0 255 0 0 0.25
1 2.49801 -0.0629705 0 0 0 0 0 0 255 0 0.25
2 1.2505 0.0157426 0 0.998015 -0.0629708 0 0 0 0 255 2.5 0.0375
end
0.3
1 0.00422385 0.112373 0 0 0 0 0 255 0 0 0.25
1 2.49718 -0.0749152 0 0 0 0 0 0 255 0 0.25
2 1.2507 0.0187288 0 0.99719 -0.0749157 0 0 0 0 255 2.5 0.0375
end
0.325
1 0.00581374 0.131826 0 0 0 0 0 255 0 0 0.25
1 2.49612 -0.087884 0 0 0 0 0 0 255 0 0.25
2 1.25097 0.021971 0 0.996131 -0.0878846 0 0 0 0 255 2.5 0.0375
end
0.35
1 0.00781493 0.152805 0 0 0 0 0 255 0 0 0.25
1 2.49479 -0.10187 0 0 0 0 0 0 255 0 0.25
2 1.2513 0.0254675 0 0.994798 -0.101871 0 0 0 0 255 2.5 0.0375
end
0.375
1 0.0102916 0.175298 0 0 0 0 0 255 0 0 0.25
1 2.49314 -0.116865 0 0 0 0 0 0 255 0 0.25
2 1.25172 0.0292163 0 0.993148 -0.116866 0 0 0 0 255 2.5 0.0375
end
0.4
1 0.0133131 0.199288 0 0 0 0 0 255 0 0 0.25
1 2.49112 -0.132859 0 0 0 0 0 0 255 0 0.25
2 1.25222 0.0332147 0 0.991135 -0.13286 0 0 0 0 255 2.5 0.0375
end
0.425
1 0.0169522 0.224758 0 0 0 0 0 255 0 0 0.25
1 2.4887 -0.149839 0 0 0 0 0 0 255 0 0.25
2 1.25283 0.0374597 0 0.98871 -0.149841 0 0 0 0 255 2.5 0.0375
end
0.45
1 0.0212862 0.251685 0 0 0 0 0 255 0 0 0.25
1 2.48581 -0.16779 0 0 0 0 0 0 255 0 0.25
2 1.25355 0.0419475 0 0.985822 -0.167792 0 0 0 0 255 2.5 0.0375
end
0.475
1 0.0263959 0.280042 0 0 0 0 0 255 0 0 0.25
1 2.4824 -0.186695 0 0 0 0 0 0 255 0 0.25
2 1.2544 0.0466737 0 0.982417 -0.186697 0 0 0 0 255 2.5 0.0375
end
0.5
1 0.0323656 0.309797 0 0 0 0 0 255 0 0 0.25
1 2.47842 -0.206532 0 0 0 0 0 0 255 0 0.25
2 1.25539 0.0516329 0 0.978439 -0.206535 0 0 0 0 255 2.5 0.0375
end
0.525
1 0.0392828 0.340915 0 0 0 0 0 255 0 0 0.25
1 2.47381 -0.227276 0 0 0 0 0 0 255 0 0.25
2 1.25655 0.0568191 0 0.973829 -0.227281 0 0 0 0 255 2.5 0.0375
end
0.55
1 0.0472377 0.373352 0 0 0 0 0 255 0 0 0.25
1 2.46851 -0.248901 0 0 0 0 0 0 255 0 0.25
2 1.25787 0.0622253 0 0.968528 -0.248906 0 0 0 0 255 2.5 0.0375
end
0.575
1 0.0563229 0.40706 0 0 0 0 0 255 0 0 0.25
1 2.46245 -0.271373 0 0 0 0 0 0 255 0 0.25
2 1.25939 0.0678434 0 0.962472 -0.271379 0 0 0 0 255 2.5 0.0375
end
0.6
1 0.0666324 0.441985 0 0 0 0 0 255 0 0 0.25
1 2.45558 -0.294657 0 0 0 0 0 0 255 0 0.25
2 1.26111 0.0736642 0 0.955601 -0.294664 0 0 0 0 255 2.5 0.0375
end
0.625
1 0.0782622 0.478065 0 0 0 0 0 255 0 0 0.25
1 2.44783 -0.31871 0 0 0 0 0 0 255 0 0.25
2 1.26304 0.0796774 0 0.94785 -0.318718 0 0 0 0 255 2.5 0.0375
end
0.65
1 0.0913078 0.51523 0 0 0 0 0 255 0 0 0.25
1 2.43913 -0.343486 0 0 0 0 0 0 255 0 0.25
2 1.26522 0.0858716 0 0.939154 -0.343496 0 0 0 0 255 2.5 0.0375
end
0.675
1 0.105865 0.553403 0 0 0 0 0 255 0 0 0.25
1 2.42942 -0.368936 0 0 0 0 0 0 255 0 0.25
2 1.26764 0.0922339 0 0.929451 -0.368947 0 0 0 0 255 2.5 0.0375
end
0.7
1 0.12203 0.592501 0 0 0 0 0 255 0 0 0.25
1 2.41865 -0.395 0 0 0 0 0 0 255 0 0.25
2 1.27034 0.0987501 0 0.918676 -0.395013 0 0 0 0 255 2.5 0.0375
end
0.725
1 0.139896 0.632428 0 0 0 0 0 255 0 0 0.25
1 2.40674 -0.421619 0 0 0 0 0 0 255 0 0.25
2 1.27332 0.105405 0 0.906767 -0.421633 0 0 0 0 255 2.5 0.0375
end
0.75
1 0.159553 0.673084 0 0 0 0 0 255 0 0 0.25
1 2.39363 -0.448723 0 0 0 0 0 0 255 0 0.25
2 1.27659 0.112181 0 0.893663 -0.448739 0 0 0 0 255 2.5 0.0375
end
0.775
1 0.181089 0.714357 0 0 0 0 0 255 0 0 0.25
1 2.37927 -0.476238 0 0 0 0 0 0 255 0 0.25
2 1.28018 0.11906 0 0.879307 -0.476256 0 0 0 0 255 2.5 0.0375
end
0.8
1 0.204588 0.756129 0 0 0 0 0 255 0 0 0.25
1 2.36361 -0.504086 0 0 0 0 0 0 255 0 0.25
2 1.2841 0.126022 0 0.863642 -0.504106 0 0 0 0 255 2.5 0.0375
end
0.825
1 0.230127 0.798272 0 0 0 0 0 255 0 0 0.25
1 2.34658 -0.532181 0 0 0 0 0 0 255 0 0.25
2 1.28835 0.133045 0 0.846617 -0.532203 0 0 0 0 255 2.5 0.0375
end
0.85
1 0.257777 0.840648 0 0 0 0 0 255 0 0 0.25
1 2.32815 -0.560432 0 0 0 0 0 0 255 0 0.25
2 1.29296 0.140108 0 0.828184 -0.560456 0 0 0 0 255 2.5 0.0375
end
0.875
1 0.287602 0.883113 0 0 0 0 0 255 0 0 0.25
1 2.30827 -0.588742 0 0 0 0 0 0 255 0 0.25
2 1.29793 0.147186 0 0.808302 -0.588769 0 0 0 0 255 2.5 0.0375
end
0.9
1 0.319656 0.925516 0 0 0 0 0 255 0 0 0.25
1 2.2869 -0.61701 0 0 0 0 0 0 255 0 0.25
2 1.30328 0.154253 0 0.786932 -0.617039 0 0 0 0 255 2.5 0.0375
end
0.925
1 0.353986 0.967695 0 0 0 0 0 255 0 0 0.25
1 2.26401 -0.64513 0 0 0 0 0 0 255 0 0.25
2 1.309 0.161283 0 0.764047 -0.645161 0 0 0 0 255 2.5 0.0375
end
0.95
1 0.390624 1.00949 0 0 0 0 0 255 0 0 0.25
1 2.23958 -0.67299 0 0 0 0 0 0 255 0 0.25
2 1.3151 0.168248 0 0.739621 -0.673024 0 0 0 0 255 2.5 0.0375
end
0.975
1 0.429595 1.05071 0 0 0 0 0 255 0 0 0.25
1 2.2136 -0.700476 0 0 0 0 0 0 255 0 0.25
2 1.3216 0.175119 0 0.71364 -0.700512 0 0 0 0 255 2.5 0.0375
end
1
1 0.470907 1.09121 0 0 0 0 0 255 0 0 0.25
1 2.18606 -0.72747 0 0 0 0 0 0 255 0 0.25
2 1.32848 0.181868 0 0.686098 -0.727509 0 0 0 0 255 2.5 0.0375
end
1.025
1 0.514557 1.13078 0 0 0 0 0 255 0 0 0.25
1 2.15696 -0.753852 0 0 0 0 0 0 255 0 0.25
2 1.33576 0.188463 0 0.656997 -0.753893 0 0 0 0 255 2.5 0.0375
end
1.05
1 0.560528 1.16925 0 0 0 0 0 255 0 0 0.25
1 2.12631 -0.779499 0 0 0 0 0 0 255 0 0.25
2 1.34342 0.194875 0 0.62635 -0.779542 0 0 0 0 255 2.5 0.0375
end
1.075
1 0.608785 1.20643 0 0 0 0 0 255 0 0 0.25
1 2.09414 -0.804289 0 0 0 0 0 0 255 0 0.25
2 1.35146 0.201072 0 0.594177 -0.804334 0 0 0 0 255 2.5 0.0375
end
1.1
1 0.659281 1.24215 0 0 0 0 0 255 0 0 0.25
1 2.06048 -0.828099 0 0 0 0 0 0 255 0 0.25
2 1.35988 0.207025 0 0.560512 -0.828147 0 0 0 0 255 2.5 0.0375
end
1.125
1 0.711951 1.27621 0 0 0 0 0 255 0 0 0.25
1 2.02537 -0.850808 0 0 0 0 0 0 255 0 0.25
2 1.36866 0.212702 0 0.525397 -0.850857 0 0 0 0 255 2.5 0.0375
end
1.15
1 0.766714 1.30845 0 0 0 0 0 255 0 0 0.25
1 1.98886 -0.872297 0 0 0 0 0 0 255 0 0.25
2 1.37779 0.218074 0 0.488886 -0.872348 0 0 0 0 255 2.5 0.0375
end
1.175
1 0.823475 1.33868 0 0 0 0 0 255 0 0 0.25
1 1.95102 -0.89245 0 0 0 0 0 0 255 0 0.25
2 1.38725 0.223113 0 0.451043 -0.892502 0 0 0 0 255 2.5 0.0375
end
1.2
1 0.882121 1.36673 0 0 0 0 0 255 0 0 0.25
1 1.91192 -0.911157 0 0 0 0 0 0 255 0 0.25
2 1.39702 0.227789 0 0.411943 -0.91121 0 0 0 0 255 2.5 0.0375
end
1.225
1 0.942526 1.39247 0 0 0 0 0 255 0 0 0.25
1 1.87165 -0.928311 0 0 0 0 0 0 255 0 0.25
2 1.40709 0.232078 0 0.371671 -0.928365 0 0 0 0 255 2.5 0.0375
end
1.25
1 1.00455 1.41572 0 0 0 0 0 255 0 0 0.25
1 1.8303 -0.943815 0 0 0 0 0 0 255 0 0.25
2 1.41742 0.235954 0 0.330321 -0.943869 0 0 0 0 255 2.5 0.0375
end
1.275
1 1.06803 1.43637 0 0 0 0 0 255 0 0 0.25
1 1.78798 -0.957577 0 0 0 0 0 0 255 0 0.25
2 1.428 0.239394 0 0.287998 -0.957631 0 0 0 0 255 2.5 0.0375
end
1.3
1 1.1328 1.45427 0 0 0 0 0 255 0 0 0.25
1 1.7448 -0.969517 0 0 0 0 0 0 255 0 0.25
2 1.4388 0.242379 0 0.244814 -0.96957 0 0 0 0 255 2.5 0.0375
end
1.325
1 1.19868 1.46934 0 0 0 0 0 255 0 0 0.25
1 1.70088 -0.979561 0 0 0 0 0 0 255 0 0.25
2 1.44978 0.24489 0 0.200888 -0.979614 0 0 0 0 255 2.5 0.0375
end
1.35
1 1.26549 1.48148 0 0 0 0 0 255 0 0 0.25
1 1.65634 -0.98765 0 0 0 0 0 0 255 0 0.25
2 1.46092 0.246913 0 0.156348 -0.987702 0 0 0 0 255 2.5 0.0375
end
1.375
1 1.33302 1.4906 0 0 0 0 0 255 0 0 0.25
1 1.61132 -0.993733 0 0 0 0 0 0 255 0 0.25
2 1.47217 0.248433 0 0.111326 -0.993784 0 0 0 0 255 2.5 0.0375
end
1.4
1 1.40107 1.49666 0 0 0 0 0 255 0 0 0.25
1 1.56595 -0.997773 0 0 0 0 0 0 255 0 0.25
2 1.48351 0.249443 0 0.0659581 -0.997822 0 0 0 0 255 2.5 0.0375
end
1.425
1 1.46942 1.49962 0 0 0 0 0 255 0 0 0.25
1 1.52038 -0.999745 0 0 0 0 0 0 255 0 0.25
2 1.4949 0.249936 0 0.020385 -0.999792 0 0 0 0 255 2.5 0.0375
end
1.45
1 1.53788 1.49945 0 0 0 0 0 255 0 0 0.25
1 1.47475 -0.999636 0 0 0 0 0 0 255 0 0.25
2 1.50631 0.249909 0 -0.0252516 -0.999681 0 0 0 0 255 2.5 0.0375
end
1.475
1 1.60621 1.49617 0 0 0 0 0 255 0 0 0.25
1 1.42919 -0.997447 0 0 0 0 0 0 255 0 0.25
2 1.5177 0.249362 0 -0.0708092 -0.99749 0 0 0 0 255 2.5 0.0375
end
1.5
1 1.67421 1.48979 0 0 0 0 0 255 0 0 0.25
1 1.38386 -0.993192 0 0 0 0 0 0 255 0 0.25
2 1.52904 0.248298 0 -0.116146 -0.993232 0 0 0 0 255 2.5 0.0375
end
1.525
1 1.74167 1.48035 0 0 0 0 0 255 0 0 0.25
1 1.33888 -0.986897 0 0 0 0 0 0 255 0 0.25
2 1.54028 0.246724 0 -0.161122 -0.986934 0 0 0 0 255 2.5 0.0375
end
1.55
1 1.80839 1.4679 0 0 0 0 0 255 0 0 0.25
1 1.29441 -0.978601 0 0 0 0 0 0 255 0 0.25
2 1.5514 0.24465 0 -0.205602 -0.978636 0 0 0 0 255 2.5 0.0375
end
1.575
1 1.87417 1.45253 0 0 0 0 0 255 0 0 0.25
1 1.25056 -0.968355 0 0 0 0 0 0 255 0 0.25
2 1.56236 0.242089 0 -0.249452 -0.968387 0 0 0 0 255 2.5 0.0375
end
1.6
1 1.93881 1.43433 0 0 0 0 0 255 0 0 0.25
1 1.20746 -0.956222 0 0 0 0 0 0 255 0 0.25
2 1.57313 0.239055 0 -0.292549 -0.956251 0 0 0 0 255 2.5 0.0375
end
1.625
1 2.00214 1.41341 0 0 0 0 0 255 0 0 0.25
1 1.16524 -0.942274 0 0 0 0 0 0 255 0 0.25
2 1.58369 0.235568 0 -0.334771 -0.9423 0 0 0 0 255 2.5 0.0375
end
1.65
1 2.064 1.38989 0 0 0 0 0 255 0 0 0.25
1 1.124 -0.926594 0 0 0 0 0 0 255 0 0.25
2 1.594 0.231649 0 -0.376008 -0.926616 0 0 0 0 255 2.5 0.0375
end
1.675
1 2.12422 1.36391 0 0 0 0 0 255 0 0 0.25
1 1.08385 -0.909274 0 0 0 0 0 0 255 0 0.25
2 1.60404 0.227319 0 -0.416157 -0.909293 0 0 0 0 255 2.5 0.0375
end
1.7
1 2.18267 1.33562 0 0 0 0 0 255 0 0 0.25
1 1.04488 -0.890413 0 0 0 0 0 0 255 0 0.25
2 1.61378 0.222603 0 -0.455124 -0.890428 0 0 0 0 255 2.5 0.0375
end
1.725
1 2.23923 1.30518 0 0 0 0 0 255 0 0 0.25
1 1.00718 -0.870117 0 0 0 0 0 0 255 0 0.25
2 1.6232 0.217529 0 -0.492825 -0.870129 0 0 0 0 255 2.5 0.0375
end
1.75
1 2.29377 1.27275 0 0 0 0 0 255 0 0 0.25
1 0.970818 -0.848497 0 0 0 0 0 0 255 0 0.25
2 1.6323 0.212124 0 -0.529187 -0.848505 0 0 0 0 255 2.5 0.0375
end
1.775
1 2.34622 1.23851 0 0 0 0 0 255 0 0 0.25
1 0.935857 -0.82567 0 0 0 0 0 0 255 0 0.25
2 1.64104 0.206418 0 -0.564146 -0.825675 0 0 0 0 255 2.5 0.0375
end
1.8
1 2.39648 1.20263 0 0 0 0 0 255 0 0 0.25
1 0.902349 -0.801755 0 0 0 0 0 0 255 0 0.25
2 1.64941 0.200439 0 -0.597652 -0.801756 0 0 0 0 255 2.5 0.0375
end
1.825
1 2.44449 1.16531 0 0 0 0 0 255 0 0 0.25
1 0.870338 -0.776873 0 0 0 0 0 0 255 0 0.25
2 1.65742 0.194218 0 -0.62966 -0.776871 0 0 0 0 255 2.5 0.0375
end
1.85
1 2.49022 1.12672 0 0 0 0 0 255 0 0 0.25
1 0.839854 -0.751147 0 0 0 0 0 0 255 0 0.25
2 1.66504 0.187787 0 -0.660141 -0.751141 0 0 0 0 255 2.5 0.0375
end
1.875
1 2.53362 1.08705 0 0 0 0 0 255 0 0 0.25
1 0.810918 -0.7247 0 0 0 0 0 0 255 0 0.25
2 1.67227 0.181175 0 -0.689074 -0.724691 0 0 0 0 255 2.5 0.0375
end
1.9
1 2.57469 1.04648 0 0 0 0 0 255 0 0 0.25
1 0.783541 -0.697653 0 0 0 0 0 0 255 0 0.25
2 1.67911 0.174413 0 -0.716447 -0.697641 0 0 0 0 255 2.5 0.0375
end
1.925
1 2.61341 1.00519 0 0 0 0 0 255 0 0 0.25
1 0.757725 -0.670127 0 0 0 0 0 0 255 0 0.25
2 1.68557 0.167532 0 -0.742259 -0.670113 0 0 0 0 255 2.5 0.0375
end
1.95
1 2.64981 0.963358 0 0 0 0 0 255 0 0 0.25
1 0.733462 -0.642239 0 0 0 0 0 0 255 0 0.25
2 1.69163 0.16056 0 -0.766518 -0.642223 0 0 0 0 255 2.5 0.0375
end
1.975
1 2.68389 0.921155 0 0 0 0 0 255 0 0 0.25
1 0.710737 -0.614104 0 0 0 0 0 0 255 0 0.25
2 1.69732 0.153526 0 -0.78924 -0.614085 0 0 0 0 255 2.5 0.0375
end
2
1 2.71571 0.878747 0 0 0 0 0 255 0 0 0.25
1 0.689525 -0.585831 0 0 0 0 0 0 255 0 0.25
2 1.70262 0.146458 0 -0.810447 -0.585811 0 0 0 0 255 2.5 0.0375
end
2.025
1 2.74531 0.836292 0 0 0 0 0 255 0 0 0.25
1 0.669796 -0.557528 0 0 0 0 0 0 255 0 0.25
2 1.70755 0.139382 0 -0.830173 -0.557506 0 0 0 0 255 2.5 0.0375
end
2.05
1 2.77273 0.793942 0 0 0 0 0 255 0 0 0.25
1 0.651511 -0.529295 0 0 0 0 0 0 255 0 0.25
2 1.71212 0.132324 0 -0.848452 -0.529272 0 0 0 0 255 2.5 0.0375
end
2.075
1 2.79806 0.751841 0 0 0 0 0 255 0 0 0.25
1 0.63463 -0.501227 0 0 0 0 0 0 255 0 0.25
2 1.71634 0.125307 0 -0.865329 -0.501204 0 0 0 0 255 2.5 0.0375
end
2.1
1 2.82135 0.710124 0 0 0 0 0 255 0 0 0.25
1 0.619103 -0.473416 0 0 0 0 0 0 255 0 0.25
2 1.72022 0.118354 0 -0.880852 -0.473392 0 0 0 0 255 2.5 0.0375
end
2.125
1 2.84268 0.668918 0 0 0 0 0 255 0 0 0.25
1 0.604878 -0.445946 0 0 0 0 0 0 255 0 0.25
2 1.72378 0.111486 0 -0.895072 -0.445921 0 0 0 0 255 2.5 0.0375
end
2.15
1 2.86215 0.628342 0 0 0 0 0 255 0 0 0.25
1 0.5919 -0.418895 0 0 0 0 0 0 255 0 0.25
2 1.72702 0.104724 0 -0.908046 -0.41887 0 0 0 0 255 2.5 0.0375
end
2.175
1 2.87983 0.588506 0 0 0 0 0 255 0 0 0.25
1 0.58011 -0.392337 0 0 0 0 0 0 255 0 0.25
2 1.72997 0.0980844 0 -0.919832 -0.392313 0 0 0 0 255 2.5 0.0375
end
2.2
1 2.89583 0.54951 0 0 0 0 0 255 0 0 0.25
1 0.569447 -0.36634 0 0 0 0 0 0 255 0 0.25
2 1.73264 0.091585 0 -0.930491 -0.366316 0 0 0 0 255 2.5 0.0375
end
2.225
1 2.91023 0.511447 0 0 0 0 0 255 0 0 0.25
1 0.559849 -0.340965 0 0 0 0 0 0 255 0 0.25
2 1.73504 0.0852412 0 -0.940085 -0.340941 0 0 0 0 255 2.5 0.0375
end
2.25
1 2.92312 0.474401 0 0 0 0 0 255 0 0 0.25
1 0.551252 -0.316267 0 0 0 0 0 0 255 0 0.25
2 1.73719 0.0790668 0 -0.948678 -0.316244 0 0 0 0 255 2.5 0.0375
end
2.275
1 2.93461 0.438448 0 0 0 0 0 255 0 0 0.25
1 0.543592 -0.292298 0 0 0 0 0 0 255 0 0.25
2 1.7391 0.0730746 0 -0.956334 -0.292276 0 0 0 0 255 2.5 0.0375
end
2.3
1 2.94479 0.403656 0 0 0 0 0 255 0 0 0.25
1 0.536805 -0.269104 0 0 0 0 0 0 255 0 0.25
2 1.7408 0.067276 0 -0.963117 -0.269082 0 0 0 0 255 2.5 0.0375
end
2.325
1 2.95376 0.370087 0 0 0 0 0 255 0 0 0.25
1 0.530827 -0.246725 0 0 0 0 0 0 255 0 0.25
2 1.74229 0.0616812 0 -0.969091 -0.246704 0 0 0 0 255 2.5 0.0375
end
2.35
1 2.96161 0.337795 0 0 0 0 0 255 0 0 0.25
1 0.525596 -0.225196 0 0 0 0 0 0 255 0 0.25
2 1.7436 0.0562991 0 -0.974318 -0.225177 0 0 0 0 255 2.5 0.0375
end
2.375
1 2.96842 0.306826 0 0 0 0 0 255 0 0 0.25
1 0.521051 -0.204551 0 0 0 0 0 0 255 0 0.25
2 1.74474 0.0511377 0 -0.97886 -0.204532 0 0 0 0 255 2.5 0.0375
end
2.4
1 2.9743 0.277224 0 0 0 0 0 255 0 0 0.25
1 0.517131 -0.184816 0 0 0 0 0 0 255 0 0.25
2 1.74572 0.046204 0 -0.982776 -0.184799 0 0 0 0 255 2.5 0.0375
end
2.425
1 2.97933 0.249024 0 0 0 0 0 255 0 0 0.25
1 0.513779 -0.166016 0 0 0 0 0 0 255 0 0.25
2 1.74656 0.041504 0 -0.986126 -0.166 0 0 0 0 255 2.5 0.0375
end
2.45
1 2.98359 0.222257 0 0 0 0 0 255 0 0 0.25
1 0.510937 -0.148171 0 0 0 0 0 0 255 0 0.25
2 1.74727 0.0370428 0 -0.988964 -0.148156 0 0 0 0 255 2.5 0.0375
end
2.475
1 2.98717 0.196949 0 0 0 0 0 255 0 0 0.25
1 0.508554 -0.131299 0 0 0 0 0 0 255 0 0.25
2 1.74786 0.0328248 0 -0.991345 -0.131286 0 0 0 0 255 2.5 0.0375
end
2.5
1 2.99014 0.173122 0 0 0 0 0 255 0 0 0.25
1 0.506577 -0.115415 0 0 0 0 0 0 255 0 0.25
2 1.74836 0.0288537 0 -0.993319 -0.115403 0 0 0 0 255 2.5 0.0375
end
2.525
1 2.99256 0.150796 0 0 0 0 0 255 0 0 0.25
1 0.504958 -0.10053 0 0 0 0 0 0 255 0 0.25
2 1.74876 0.0251326 0 -0.994935 -0.10052 0 0 0 0 255 2.5 0.0375
end
2.55
1 2.99452 0.129984 0 0 0 0 0 255 0 0 0.25
1 0.503651 -0.0866557 0 0 0 0 0 0 255 0 0.25
2 1.74909 0.0216639 0 -0.996239 -0.0866462 0 0 0 0 255 2.5 0.0375
end
2.575
1 2.99608 0.110699 0 0 0 0 0 255 0 0 0.25
1 0.502614 -0.0737991 0 0 0 0 0 0 255 0 0.25
2 1.74935 0.0184498 0 -0.997274 -0.0737908 0 0 0 0 255 2.5 0.0375
end
2.6
1 2.99729 0.0929506 0 0 0 0 0 255 0 0 0.25
1 0.501807 -0.0619671 0 0 0 0 0 0 255 0 0.25
2 1.74955 0.0154918 0 -0.998079 -0.06196 0 0 0 0 255 2.5 0.0375
end
2.625
1 2.99821 0.0767468 0 0 0 0 0 255 0 0 0.25
1 0.501193 -0.0511646 0 0 0 0 0 0 255 0 0.25
2 1.7497 0.0127911 0 -0.998691 -0.0511586 0 0 0 0 255 2.5 0.0375
end
2.65
1 2.99889 0.0620932 0 0 0 0 0 255 0 0 0.25
1 0.500739 -0.0413955 0 0 0 0 0 0 255 0 0.25
2 1.74982 0.0103489 0 -0.999143 -0.0413906 0 0 0 0 255 2.5 0.0375
end
2.675
1 2.99938 0.048994 0 0 0 0 0 255 0 0 0.25
1 0.500413 -0.0326626 0 0 0 0 0 0 255 0 0.25
2 1.7499 0.00816566 0 -0.999467 -0.0326587 0 0 0 0 255 2.5 0.0375
end
2.7
1 2.99972 0.0374521 0 0 0 0 0 255 0 0 0.25
1 0.50019 -0.0249681 0 0 0 0 0 0 255 0 0.25
2 1.74995 0.00624202 0 -0.999688 -0.024965 0 0 0 0 255 2.5 0.0375
end
2.725
1 2.99993 0.0274698 0 0 0 0 0 255 0 0 0.25
1 0.500044 -0.0183132 0 0 0 0 0 0 255 0 0.25
2 1.74999 0.0045783 0 -0.999832 -0.0183109 0 0 0 0 255 2.5 0.0375
end
2.75
1 3.00007 0.0190483 0 0 0 0 0 255 0 0 0.25
1 0.499956 -0.0126989 0 0 0 0 0 0 255 0 0.25
2 1.75001 0.00317472 0 -0.999919 -0.0126973 0 0 0 0 255 2.5 0.0375
end
2.775
1 3.00014 0.0121886 0 0 0 0 0 255 0 0 0.25
1 0.499907 -0.00812573 0 0 0 0 0 0 255 0 0.25
2 1.75002 0.00203143 0 -0.999967 -0.0081247 0 0 0 0 255 2.5 0.0375
end
2.8
1 3.00018 0.00689103 0 0 0 0 0 255 0 0 0.25
1 0.499883 -0.00459402 0 0 0 0 0 0 255 0 0.25
2 1.75003 0.00114851 0 -0.999989 -0.00459343 0 0 0 0 255 2.5 0.0375
end
2.825
1 3.00019 0.00315586 0 0 0 0 0 255 0 0 0.25
1 0.499873 -0.0021039 0 0 0 0 0 0 255 0 0.25
2 1.75003 0.000525976 0 -0.999998 -0.00210363 0 0 0 0 255 2.5 0.0375
end
2.85
1 3.0002 0.000983155 0 0 0 0 0 255 0 0 0.25
1 0.49987 -0.000655437 0 0 0 0 0 0 255 0 0.25
2 1.75003 0.000163859 0 -1 -0.000655352 0 0 0 0 255 2.5 0.0375
end
2.875
1 3.0002 0.000372952 0 0 0 0 0 255 0 0 0.25
1 0.499869 -0.000248634 0 0 0 0 0 0 255 0 0.25
2 1.75003 6.21586e-005 0 -1 -0.000248602 0 0 0 0 255 2.5 0.0375
end
2.9
1 3.0002 0.00132525 0 0 0 0 0 255 0 0 0.25
1 0.499868 -0.000883498 0 0 0 0 0 0 255 0 0.25
2 1.75003 0.000220875 0 -1 -0.000883382 0 0 0 0 255 2.5 0.0375
end
2.925
1 3.0002 0.00384004 0 0 0 0 0 255 0 0 0.25
1 0.49987 -0.00256003 0 0 0 0 0 0 255 0 0.25
2 1.75003 0.000640006 0 -0.999997 -0.00255968 0 0 0 0 255 2.5 0.0375
end
2.95
1 3.00018 0.00791729 0 0 0 0 0 255 0 0 0.25
1 0.49988 -0.0052782 0 0 0 0 0 0 255 0 0.25
2 1.75003 0.00131955 0 -0.999986 -0.00527749 0 0 0 0 255 2.5 0.0375
end
2.975
1 3.00014 0.0135569 0 0 0 0 0 255 0 0 0.25
1 0.499906 -0.00903794 0 0 0 0 0 0 255 0 0.25
2 1.75002 0.00225948 0 -0.999959 -0.00903672 0 0 0 0 255 2.5 0.0375
end
3
1 3.00006 0.0207586 0 0 0 0 0 255 0 0 0.25
1 0.49996 -0.0138391 0 0 0 0 0 0 255 0 0.25
2 1.75001 0.00345977 0 -0.999904 -0.0138372 0 0 0 0 255 2.5 0.0375
end
3.025
1 2.99991 0.0295219 0 0 0 0 0 255 0 0 0.25
1 0.500057 -0.0196813 0 0 0 0 0 0 255 0 0.25
2 1.74999 0.00492031 0 -0.999806 -0.0196786 0 0 0 0 255 2.5 0.0375
end
3.05
1 2.99968 0.0398458 0 0 0 0 0 255 0 0 0.25
1 0.500216 -0.0265639 0 0 0 0 0 0 255 0 0.25
2 1.74995 0.00664097 0 -0.999647 -0.0265602 0 0 0 0 255 2.5 0.0375
end
3.075
1 2.99931 0.0517288 0 0 0 0 0 255 0 0 0.25
1 0.500458 -0.0344859 0 0 0 0 0 0 255 0 0.25
2 1.74989 0.00862147 0 -0.999405 -0.0344812 0 0 0 0 255 2.5 0.0375
end
3.1
1 2.99879 0.0651687 0 0 0 0 0 255 0 0 0.25
1 0.500807 -0.0434458 0 0 0 0 0 0 255 0 0.25
2 1.7498 0.0108615 0 -0.999056 -0.0434398 0 0 0 0 255 2.5 0.0375
end
3.125
1 2.99806 0.0801621 0 0 0 0 0 255 0 0 0.25
1 0.501291 -0.0534414 0 0 0 0 0 0 255 0 0.25
2 1.74968 0.0133604 0 -0.998571 -0.0534341 0 0 0 0 255 2.5 0.0375
end
3.15
1 2.99709 0.0967046 0 0 0 0 0 255 0 0 0.25
1 0.501942 -0.0644697 0 0 0 0 0 0 255 0 0.25
2 1.74951 0.0161174 0 -0.99792 -0.0644608 0 0 0 0 255 2.5 0.0375
end
3.175
1 2.99581 0.11479 0 0 0 0 0 255 0 0 0.25
1 0.502794 -0.0765266 0 0 0 0 0 0 255 0 0.25
2 1.7493 0.0191316 0 -0.997068 -0.076516 0 0 0 0 255 2.5 0.0375
end
3.2
1 2.99417 0.13441 0 0 0 0 0 255 0 0 0.25
1 0.503885 -0.0896067 0 0 0 0 0 0 255 0 0.25
2 1.74903 0.0224017 0 -0.995978 -0.0895943 0 0 0 0 255 2.5 0.0375
end
3.225
1 2.99212 0.155555 0 0 0 0 0 255 0 0 0.25
1 0.505253 -0.103703 0 0 0 0 0 0 255 0 0.25
2 1.74869 0.0259258 0 -0.99461 -0.103689 0 0 0 0 255 2.5 0.0375
end
3.25
1 2.98958 0.178211 0 0 0 0 0 255 0 0 0.25
1 0.506945 -0.118808 0 0 0 0 0 0 255 0 0.25
2 1.74826 0.0297019 0 -0.992919 -0.118791 0 0 0 0 255 2.5 0.0375
end
3.275
1 2.98649 0.202364 0 0 0 0 0 255 0 0 0.25
1 0.509004 -0.134909 0 0 0 0 0 0 255 0 0.25
2 1.74775 0.0337273 0 -0.99086 -0.134891 0 0 0 0 255 2.5 0.0375
end
3.3
1 2.98278 0.227993 0 0 0 0 0 255 0 0 0.25
1 0.511482 -0.151996 0 0 0 0 0 0 255 0 0.25
2 1.74713 0.0379989 0 -0.988384 -0.151975 0 0 0 0 255 2.5 0.0375
end
3.325
1 2.97836 0.255077 0 0 0 0 0 255 0 0 0.25
1 0.514428 -0.170051 0 0 0 0 0 0 255 0 0.25
2 1.74639 0.0425128 0 -0.985439 -0.170028 0 0 0 0 255 2.5 0.0375
end
3.35
1 2.97315 0.283587 0 0 0 0 0 255 0 0 0.25
1 0.517898 -0.189058 0 0 0 0 0 0 255 0 0.25
2 1.74553 0.0472645 0 -0.981971 -0.189033 0 0 0 0 255 2.5 0.0375
end
3.375
1 2.96708 0.313491 0 0 0 0 0 255 0 0 0.25
1 0.521947 -0.208994 0 0 0 0 0 0 255 0 0.25
2 1.74451 0.0522486 0 -0.977923 -0.208967 0 0 0 0 255 2.5 0.0375
end
3.4
1 2.96005 0.344753 0 0 0 0 0 255 0 0 0.25
1 0.526635 -0.229836 0 0 0 0 0 0 255 0 0.25
2 1.74334 0.0574589 0 -0.973237 -0.229805 0 0 0 0 255 2.5 0.0375
end
3.425
1 2.95197 0.37733 0 0 0 0 0 255 0 0 0.25
1 0.532022 -0.251553 0 0 0 0 0 0 255 0 0.25
2 1.74199 0.0628883 0 -0.967852 -0.25152 0 0 0 0 255 2.5 0.0375
end
3.45
1 2.94275 0.411171 0 0 0 0 0 255 0 0 0.25
1 0.538169 -0.274114 0 0 0 0 0 0 255 0 0.25
2 1.74046 0.0685286 0 -0.961707 -0.274079 0 0 0 0 255 2.5 0.0375
end
3.475
1 2.93229 0.446223 0 0 0 0 0 255 0 0 0.25
1 0.545139 -0.297482 0 0 0 0 0 0 255 0 0.25
2 1.73872 0.0743705 0 -0.954739 -0.297444 0 0 0 0 255 2.5 0.0375
end
3.5
1 2.92051 0.482422 0 0 0 0 0 255 0 0 0.25
1 0.552996 -0.321614 0 0 0 0 0 0 255 0 0.25
2 1.73675 0.0804036 0 -0.946884 -0.321574 0 0 0 0 255 2.5 0.0375
end
3.525
1 2.90729 0.519697 0 0 0 0 0 255 0 0 0.25
1 0.561805 -0.346465 0 0 0 0 0 0 255 0 0.25
2 1.73455 0.0866162 0 -0.938079 -0.346422 0 0 0 0 255 2.5 0.0375
end
3.55
1 2.89256 0.557973 0 0 0 0 0 255 0 0 0.25
1 0.571628 -0.371982 0 0 0 0 0 0 255 0 0.25
2 1.73209 0.0929954 0 -0.928258 -0.371936 0 0 0 0 255 2.5 0.0375
end
3.575
1 2.87621 0.597161 0 0 0 0 0 255 0 0 0.25
1 0.58253 -0.398107 0 0 0 0 0 0 255 0 0.25
2 1.72937 0.0995269 0 -0.91736 -0.39806 0 0 0 0 255 2.5 0.0375
end
3.6
1 2.85814 0.637169 0 0 0 0 0 255 0 0 0.25
1 0.594572 -0.424779 0 0 0 0 0 0 255 0 0.25
2 1.72636 0.106195 0 -0.905321 -0.424729 0 0 0 0 255 2.5 0.0375
end
3.625
1 2.83828 0.677893 0 0 0 0 0 255 0 0 0.25
1 0.607816 -0.451928 0 0 0 0 0 0 255 0 0.25
2 1.72305 0.112982 0 -0.892081 -0.451876 0 0 0 0 255 2.5 0.0375
end
3.65
1 2.81652 0.719221 0 0 0 0 0 255 0 0 0.25
1 0.622318 -0.479481 0 0 0 0 0 0 255 0 0.25
2 1.71942 0.11987 0 -0.877582 -0.479426 0 0 0 0 255 2.5 0.0375
end
3.675
1 2.7928 0.761034 0 0 0 0 0 255 0 0 0.25
1 0.638135 -0.507356 0 0 0 0 0 0 255 0 0.25
2 1.71547 0.126839 0 -0.86177 -0.5073 0 0 0 0 255 2.5 0.0375
end
3.7
1 2.76702 0.803203 0 0 0 0 0 255 0 0 0.25
1 0.655317 -0.535468 0 0 0 0 0 0 255 0 0.25
2 1.71117 0.133867 0 -0.844592 -0.535411 0 0 0 0 255 2.5 0.0375
end
3.725
1 2.73913 0.845589 0 0 0 0 0 255 0 0 0.25
1 0.673911 -0.563726 0 0 0 0 0 0 255 0 0.25
2 1.70652 0.140932 0 -0.826002 -0.563667 0 0 0 0 255 2.5 0.0375
end
3.75
1 2.70906 0.888049 0 0 0 0 0 255 0 0 0.25
1 0.693959 -0.592032 0 0 0 0 0 0 255 0 0.25
2 1.70151 0.148008 0 -0.805959 -0.591972 0 0 0 0 255 2.5 0.0375
end
3.775
1 2.67675 0.930427 0 0 0 0 0 255 0 0 0.25
1 0.715497 -0.620285 0 0 0 0 0 0 255 0 0.25
2 1.69613 0.155071 0 -0.784425 -0.620223 0 0 0 0 255 2.5 0.0375
end
3.8
1 2.64217 0.972565 0 0 0 0 0 255 0 0 0.25
1 0.738555 -0.648377 0 0 0 0 0 0 255 0 0.25
2 1.69036 0.162094 0 -0.761373 -0.648315 0 0 0 0 255 2.5 0.0375
end
3.825
1 2.60527 1.01429 0 0 0 0 0 255 0 0 0.25
1 0.763153 -0.676196 0 0 0 0 0 0 255 0 0.25
2 1.68421 0.169049 0 -0.736779 -0.676134 0 0 0 0 255 2.5 0.0375
end
3.85
1 2.56604 1.05544 0 0 0 0 0 255 0 0 0.25
1 0.789308 -0.703629 0 0 0 0 0 0 255 0 0.25
2 1.67767 0.175907 0 -0.710629 -0.703567 0 0 0 0 255 2.5 0.0375
end
3.875
1 2.52447 1.09583 0 0 0 0 0 255 0 0 0.25
1 0.817023 -0.730557 0 0 0 0 0 0 255 0 0.25
2 1.67074 0.182639 0 -0.682919 -0.730494 0 0 0 0 255 2.5 0.0375
end
3.9
1 2.48056 1.13529 0 0 0 0 0 255 0 0 0.25
1 0.846296 -0.756858 0 0 0 0 0 0 255 0 0.25
2 1.66343 0.189215 0 -0.65365 -0.756797 0 0 0 0 255 2.5 0.0375
end
3.925
1 2.43433 1.17362 0 0 0 0 0 255 0 0 0.25
1 0.877114 -0.782412 0 0 0 0 0 0 255 0 0.25
2 1.65572 0.195603 0 -0.622837 -0.782351 0 0 0 0 255 2.5 0.0375
end
3.95
1 2.38582 1.21064 0 0 0 0 0 255 0 0 0.25
1 0.909453 -0.807096 0 0 0 0 0 0 255 0 0.25
2 1.64764 0.201774 0 -0.590503 -0.807036 0 0 0 0 255 2.5 0.0375
end
3.975
1 2.33508 1.24618 0 0 0 0 0 255 0 0 0.25
1 0.94328 -0.830786 0 0 0 0 0 0 255 0 0.25
2 1.63918 0.207696 0 -0.55668 -0.830727 0 0 0 0 255 2.5 0.0375
end
4
1 2.28217 1.28004 0 0 0 0 0 255 0 0 0.25
1 0.978551 -0.853361 0 0 0 0 0 0 255 0 0.25
2 1.63036 0.21334 0 -0.521414 -0.853304 0 0 0 0 255 2.5 0.0375
end
4.025
1 2.22718 1.31205 0 0 0 0 0 255 0 0 0.25
1 1.01521 -0.874703 0 0 0 0 0 0 255 0 0.25
2 1.6212 0.218676 0 -0.484758 -0.874648 0 0 0 0 255 2.5 0.0375
end
4.05
1 2.17021 1.34205 0 0 0 0 0 255 0 0 0.25
1 1.05319 -0.894697 0 0 0 0 0 0 255 0 0.25
2 1.6117 0.223674 0 -0.446779 -0.894644 0 0 0 0 255 2.5 0.0375
end
4.075
1 2.11136 1.36985 0 0 0 0 0 255 0 0 0.25
1 1.09243 -0.913233 0 0 0 0 0 0 255 0 0.25
2 1.60189 0.228308 0 -0.407551 -0.913182 0 0 0 0 255 2.5 0.0375
end
4.1
1 2.05077 1.39531 0 0 0 0 0 255 0 0 0.25
1 1.13282 -0.930205 0 0 0 0 0 0 255 0 0.25
2 1.5918 0.232551 0 -0.367161 -0.930157 0 0 0 0 255 2.5 0.0375
end
4.125
1 1.98858 1.41828 0 0 0 0 0 255 0 0 0.25
1 1.17428 -0.945517 0 0 0 0 0 0 255 0 0.25
2 1.58143 0.236379 0 -0.325704 -0.945472 0 0 0 0 255 2.5 0.0375
end
4.15
1 1.92495 1.43862 0 0 0 0 0 255 0 0 0.25
1 1.2167 -0.959078 0 0 0 0 0 0 255 0 0.25
2 1.57082 0.239769 0 -0.283286 -0.959035 0 0 0 0 255 2.5 0.0375
end
4.175
1 1.86004 1.45621 0 0 0 0 0 255 0 0 0.25
1 1.25997 -0.970808 0 0 0 0 0 0 255 0 0.25
2 1.56001 0.242702 0 -0.240019 -0.970768 0 0 0 0 255 2.5 0.0375
end
4.2
1 1.79405 1.47095 0 0 0 0 0 255 0 0 0.25
1 1.30397 -0.980636 0 0 0 0 0 0 255 0 0.25
2 1.54901 0.245159 0 -0.196024 -0.980599 0 0 0 0 255 2.5 0.0375
end
4.225
1 1.72715 1.48275 0 0 0 0 0 255 0 0 0.25
1 1.34857 -0.988501 0 0 0 0 0 0 255 0 0.25
2 1.53786 0.247125 0 -0.151429 -0.988468 0 0 0 0 255 2.5 0.0375
end
4.25
1 1.65955 1.49154 0 0 0 0 0 255 0 0 0.25
1 1.39363 -0.994357 0 0 0 0 0 0 255 0 0.25
2 1.52659 0.248589 0 -0.106365 -0.994327 0 0 0 0 255 2.5 0.0375
end
4.275
1 1.59146 1.49725 0 0 0 0 0 255 0 0 0.25
1 1.43903 -0.998166 0 0 0 0 0 0 255 0 0.25
2 1.51524 0.249541 0 -0.0609716 -0.99814 0 0 0 0 255 2.5 0.0375
end
4.3
1 1.52308 1.49986 0 0 0 0 0 255 0 0 0.25
1 1.48461 -0.999905 0 0 0 0 0 0 255 0 0.25
2 1.50385 0.249976 0 -0.0153873 -0.999882 0 0 0 0 255 2.5 0.0375
end
4.325
1 1.45463 1.49934 0 0 0 0 0 255 0 0 0.25
1 1.53025 -0.999562 0 0 0 0 0 0 255 0 0.25
2 1.49244 0.24989 0 0.0302455 -0.999543 0 0 0 0 255 2.5 0.0375
end
4.35
1 1.38632 1.49571 0 0 0 0 0 255 0 0 0.25
1 1.57579 -0.99714 0 0 0 0 0 0 255 0 0.25
2 1.48105 0.249285 0 0.0757841 -0.997124 0 0 0 0 255 2.5 0.0375
end
4.375
1 1.31837 1.48898 0 0 0 0 0 255 0 0 0.25
1 1.62109 -0.992654 0 0 0 0 0 0 255 0 0.25
2 1.46973 0.248163 0 0.121087 -0.992642 0 0 0 0 255 2.5 0.0375
end
4.4
1 1.25098 1.4792 0 0 0 0 0 255 0 0 0.25
1 1.66602 -0.986131 0 0 0 0 0 0 255 0 0.25
2 1.4585 0.246533 0 0.166015 -0.986123 0 0 0 0 255 2.5 0.0375
end
4.425
1 1.18435 1.46642 0 0 0 0 0 255 0 0 0.25
1 1.71043 -0.977613 0 0 0 0 0 0 255 0 0.25
2 1.44739 0.244403 0 0.210432 -0.977609 0 0 0 0 255 2.5 0.0375
end
4.45
1 1.11869 1.45073 0 0 0 0 0 255 0 0 0.25
1 1.75421 -0.967151 0 0 0 0 0 0 255 0 0.25
2 1.43645 0.241788 0 0.254207 -0.96715 0 0 0 0 255 2.5 0.0375
end
4.475
1 1.05418 1.43221 0 0 0 0 0 255 0 0 0.25
1 1.79721 -0.954809 0 0 0 0 0 0 255 0 0.25
2 1.4257 0.238702 0 0.297214 -0.954811 0 0 0 0 255 2.5 0.0375
end
4.5
1 0.990999 1.41099 0 0 0 0 0 255 0 0 0.25
1 1.83933 -0.94066 0 0 0 0 0 0 255 0 0.25
2 1.41517 0.235165 0 0.339336 -0.940665 0 0 0 0 255 2.5 0.0375
end
4.525
1 0.929314 1.38718 0 0 0 0 0 255 0 0 0.25
1 1.88046 -0.924789 0 0 0 0 0 0 255 0 0.25
2 1.40489 0.231197 0 0.38046 -0.924797 0 0 0 0 255 2.5 0.0375
end
4.55
1 0.869277 1.36093 0 0 0 0 0 255 0 0 0.25
1 1.92048 -0.907288 0 0 0 0 0 0 255 0 0.25
2 1.39488 0.226822 0 0.420487 -0.907299 0 0 0 0 255 2.5 0.0375
end
4.575
1 0.811027 1.33239 0 0 0 0 0 255 0 0 0.25
1 1.95932 -0.888257 0 0 0 0 0 0 255 0 0.25
2 1.38517 0.222064 0 0.459322 -0.88827 0 0 0 0 255 2.5 0.0375
end
4.6
1 0.754688 1.3017 0 0 0 0 0 255 0 0 0.25
1 1.99687 -0.867802 0 0 0 0 0 0 255 0 0.25
2 1.37578 0.216951 0 0.496884 -0.867817 0 0 0 0 255 2.5 0.0375
end
4.625
1 0.700368 1.26905 0 0 0 0 0 255 0 0 0.25
1 2.03309 -0.846036 0 0 0 0 0 0 255 0 0.25
2 1.36673 0.211509 0 0.533099 -0.846053 0 0 0 0 255 2.5 0.0375
end
4.65
1 0.648161 1.23461 0 0 0 0 0 255 0 0 0.25
1 2.06789 -0.823076 0 0 0 0 0 0 255 0 0.25
2 1.35803 0.205769 0 0.567905 -0.823094 0 0 0 0 255 2.5 0.0375
end
4.675
1 0.598144 1.19856 0 0 0 0 0 255 0 0 0.25
1 2.10124 -0.79904 0 0 0 0 0 0 255 0 0.25
2 1.34969 0.19976 0 0.601252 -0.799059 0 0 0 0 255 2.5 0.0375
end
4.7
1 0.550377 1.16108 0 0 0 0 0 255 0 0 0.25
1 2.13308 -0.77405 0 0 0 0 0 0 255 0 0.25
2 1.34173 0.193513 0 0.633099 -0.774071 0 0 0 0 255 2.5 0.0375
end
4.725
1 0.504906 1.12234 0 0 0 0 0 255 0 0 0.25
1 2.1634 -0.74823 0 0 0 0 0 0 255 0 0.25
2 1.33415 0.187057 0 0.663415 -0.748251 0 0 0 0 255 2.5 0.0375
end
4.75
1 0.46176 1.08255 0 0 0 0 0 255 0 0 0.25
1 2.19216 -0.721701 0 0 0 0 0 0 255 0 0.25
2 1.32696 0.180425 0 0.692181 -0.721723 0 0 0 0 255 2.5 0.0375
end
4.775
1 0.420954 1.04188 0 0 0 0 0 255 0 0 0.25
1 2.21936 -0.694586 0 0 0 0 0 0 255 0 0.25
2 1.32016 0.173647 0 0.719387 -0.694609 0 0 0 0 255 2.5 0.0375
end
4.8
1 0.382489 1.00051 0 0 0 0 0 255 0 0 0.25
1 2.24501 -0.667005 0 0 0 0 0 0 255 0 0.25
2 1.31375 0.166751 0 0.745033 -0.667028 0 0 0 0 255 2.5 0.0375
end
4.825
1 0.346353 0.958612 0 0 0 0 0 255 0 0 0.25
1 2.2691 -0.639075 0 0 0 0 0 0 255 0 0.25
2 1.30773 0.159769 0 0.769126 -0.639098 0 0 0 0 255 2.5 0.0375
end
4.85
1 0.31252 0.916363 0 0 0 0 0 255 0 0 0.25
1 2.29165 -0.610909 0 0 0 0 0 0 255 0 0.25
2 1.30209 0.152727 0 0.791683 -0.610932 0 0 0 0 255 2.5 0.0375
end
4.875
1 0.280953 0.873927 0 0 0 0 0 255 0 0 0.25
1 2.3127 -0.582618 0 0 0 0 0 0 255 0 0.25
2 1.29683 0.145654 0 0.81273 -0.58264 0 0 0 0 255 2.5 0.0375
end
4.9
1 0.251604 0.83146 0 0 0 0 0 255 0 0 0.25
1 2.33226 -0.554307 0 0 0 0 0 0 255 0 0.25
2 1.29193 0.138577 0 0.832297 -0.554329 0 0 0 0 255 2.5 0.0375
end
4.925
1 0.224418 0.789115 0 0 0 0 0 255 0 0 0.25
1 2.35039 -0.526077 0 0 0 0 0 0 255 0 0.25
2 1.2874 0.131519 0 0.850424 -0.526099 0 0 0 0 255 2.5 0.0375
end
4.95
1 0.199329 0.747034 0 0 0 0 0 255 0 0 0.25
1 2.36711 -0.498022 0 0 0 0 0 0 255 0 0.25
2 1.28322 0.124506 0 0.867152 -0.498044 0 0 0 0 255 2.5 0.0375
end
4.975
1 0.176264 0.705351 0 0 0 0 0 255 0 0 0.25
1 2.38249 -0.470234 0 0 0 0 0 0 255 0 0.25
2 1.27938 0.117558 0 0.882531 -0.470255 0 0 0 0 255 2.5 0.0375
end
5
1 0.155143 0.664193 0 0 0 0 0 255 0 0 0.25
1 2.39657 -0.442795 0 0 0 0 0 0 255 0 0.25
2 1.27586 0.110699 0 0.896613 -0.442816 0 0 0 0 255 2.5 0.0375
end
5.025
1 0.135884 0.623678 0 0 0 0 0 255 0 0 0.25
1 2.40941 -0.415785 0 0 0 0 0 0 255 0 0.25
2 1.27265 0.103946 0 0.909454 -0.415805 0 0 0 0 255 2.5 0.0375
end
5.05
1 0.118398 0.583913 0 0 0 0 0 255 0 0 0.25
1 2.42107 -0.389275 0 0 0 0 0 0 255 0 0.25
2 1.26973 0.0973188 0 0.921113 -0.389294 0 0 0 0 255 2.5 0.0375
end
5.075
1 0.102592 0.544999 0 0 0 0 0 255 0 0 0.25
1 2.43161 -0.363333 0 0 0 0 0 0 255 0 0.25
2 1.2671 0.0908332 0 0.931652 -0.363351 0 0 0 0 255 2.5 0.0375
end
5.1
1 0.0883735 0.507028 0 0 0 0 0 255 0 0 0.25
1 2.44108 -0.338019 0 0 0 0 0 0 255 0 0.25
2 1.26473 0.0845047 0 0.941133 -0.338036 0 0 0 0 255 2.5 0.0375
end
5.125
1 0.0756465 0.470083 0 0 0 0 0 255 0 0 0.25
1 2.44957 -0.313389 0 0 0 0 0 0 255 0 0.25
2 1.26261 0.0783472 0 0.949619 -0.313405 0 0 0 0 255 2.5 0.0375
end
5.15
1 0.0643151 0.434239 0 0 0 0 0 255 0 0 0.25
1 2.45712 -0.289493 0 0 0 0 0 0 255 0 0.25
2 1.26072 0.0723732 0 0.957175 -0.289509 0 0 0 0 255 2.5 0.0375
end
5.175
1 0.0542828 0.399564 0 0 0 0 0 255 0 0 0.25
1 2.46381 -0.266376 0 0 0 0 0 0 255 0 0.25
2 1.25905 0.066594 0 0.963865 -0.266391 0 0 0 0 255 2.5 0.0375
end
5.2
1 0.045455 0.366118 0 0 0 0 0 255 0 0 0.25
1 2.4697 -0.244079 0 0 0 0 0 0 255 0 0.25
2 1.25758 0.0610196 0 0.969752 -0.244092 0 0 0 0 255 2.5 0.0375
end
5.225
1 0.0377375 0.333954 0 0 0 0 0 255 0 0 0.25
1 2.47484 -0.222636 0 0 0 0 0 0 255 0 0.25
2 1.25629 0.055659 0 0.974899 -0.222649 0 0 0 0 255 2.5 0.0375
end
5.25
1 0.0310381 0.303119 0 0 0 0 0 255 0 0 0.25
1 2.47931 -0.20208 0 0 0 0 0 0 255 0 0.25
2 1.25517 0.0505199 0 0.979367 -0.202092 0 0 0 0 255 2.5 0.0375
end
5.275
1 0.0252674 0.273655 0 0 0 0 0 255 0 0 0.25
1 2.48316 -0.182437 0 0 0 0 0 0 255 0 0.25
2 1.25421 0.0456092 0 0.983216 -0.182448 0 0 0 0 255 2.5 0.0375
end
5.3
1 0.0203382 0.245597 0 0 0 0 0 255 0 0 0.25
1 2.48644 -0.163731 0 0 0 0 0 0 255 0 0.25
2 1.25339 0.0409328 0 0.986503 -0.163741 0 0 0 0 255 2.5 0.0375
end
5.325
1 0.0161672 0.218975 0 0 0 0 0 255 0 0 0.25
1 2.48922 -0.145983 0 0 0 0 0 0 255 0 0.25
2 1.25269 0.0364958 0 0.989286 -0.145993 0 0 0 0 255 2.5 0.0375
end
5.35
1 0.012674 0.193815 0 0 0 0 0 255 0 0 0.25
1 2.49155 -0.12921 0 0 0 0 0 0 255 0 0.25
2 1.25211 0.0323024 0 0.991616 -0.129218 0 0 0 0 255 2.5 0.0375
end
5.375
1 0.0097825 0.170138 0 0 0 0 0 255 0 0 0.25
1 2.49348 -0.113425 0 0 0 0 0 0 255 0 0.25
2 1.25163 0.0283564 0 0.993546 -0.113433 0 0 0 0 255 2.5 0.0375
end
5.4
1 0.00742048 0.147964 0 0 0 0 0 255 0 0 0.25
1 2.49505 -0.0986424 0 0 0 0 0 0 255 0 0.25
2 1.25124 0.0246606 0 0.995122 -0.0986493 0 0 0 0 255 2.5 0.0375
end
5.425
1 0.00551966 0.127305 0 0 0 0 0 255 0 0 0.25
1 2.49632 -0.0848703 0 0 0 0 0 0 255 0 0.25
2 1.25092 0.0212176 0 0.996391 -0.0848764 0 0 0 0 255 2.5 0.0375
end
5.45
1 0.00401632 0.108176 0 0 0 0 0 255 0 0 0.25
1 2.49732 -0.0721172 0 0 0 0 0 0 255 0 0.25
2 1.25067 0.0180293 0 0.997396 -0.0721225 0 0 0 0 255 2.5 0.0375
end
5.475
1 0.00285127 0.0905839 0 0 0 0 0 255 0 0 0.25
1 2.4981 -0.0603893 0 0 0 0 0 0 255 0 0.25
2 1.25048 0.0150973 0 0.998175 -0.0603938 0 0 0 0 255 2.5 0.0375
end
5.5
1 0.00196987 0.0745372 0 0 0 0 0 255 0 0 0.25
1 2.49869 -0.0496915 0 0 0 0 0 0 255 0 0.25
2 1.25033 0.0124229 0 0.998764 -0.0496953 0 0 0 0 255 2.5 0.0375
end
5.525
1 0.00132223 0.0600412 0 0 0 0 0 255 0 0 0.25
1 2.49912 -0.0400275 0 0 0 0 0 0 255 0 0.25
2 1.25022 0.0100069 0 0.999198 -0.0400307 0 0 0 0 255 2.5 0.0375
end
5.55
1 0.000863199 0.0471001 0 0 0 0 0 255 0 0 0.25
1 2.49942 -0.0314001 0 0 0 0 0 0 255 0 0.25
2 1.25014 0.00785002 0 0.999507 -0.0314027 0 0 0 0 255 2.5 0.0375
end
5.575
1 0.000552334 0.0357168 0 0 0 0 0 255 0 0 0.25
1 2.49963 -0.0238112 0 0 0 0 0 0 255 0 0.25
2 1.25009 0.00595279 0 0.999716 -0.0238132 0 0 0 0 255 2.5 0.0375
end
5.6
1 0.000354228 0.0258931 0 0 0 0 0 255 0 0 0.25
1 2.49976 -0.0172621 0 0 0 0 0 0 255 0 0.25
2 1.25006 0.00431552 0 0.999851 -0.0172636 0 0 0 0 255 2.5 0.0375
end
5.625
1 0.000238178 0.0176306 0 0 0 0 0 255 0 0 0.25
1 2.49984 -0.0117537 0 0 0 0 0 0 255 0 0.25
2 1.25004 0.00293843 0 0.999931 -0.0117548 0 0 0 0 255 2.5 0.0375
end
5.65
1 0.00017836 0.0109298 0 0 0 0 0 255 0 0 0.25
1 2.49988 -0.00728653 0 0 0 0 0 0 255 0 0.25
2 1.25003 0.00182163 0 0.999973 -0.0072872 0 0 0 0 255 2.5 0.0375
end
5.675
1 0.000153831 0.00579124 0 0 0 0 0 255 0 0 0.25
1 2.4999 -0.00386083 0 0 0 0 0 0 255 0 0.25
2 1.25003 0.000965207 0 0.999993 -0.0038612 0 0 0 0 255 2.5 0.0375
end
5.7
1 0.00014853 0.00221511 0 0 0 0 0 255 0 0 0.25
1 2.4999 -0.00147674 0 0 0 0 0 0 255 0 0.25
2 1.25002 0.000369185 0 0.999999 -0.00147688 0 0 0 0 255 2.5 0.0375
end
5.725
1 0.000151269 0.000201461 0 0 0 0 0 255 0 0 0.25
1 2.4999 -0.000134307 0 0 0 0 0 0 255 0 0.25
2 1.25003 3.35768e-005 0 1 -0.000134321 0 0 0 0 255 2.5 0.0375
end
5.75
1 0.00015574 -0.00024969 0 0 0 0 0 255 0 0 0.25
1 2.4999 0.00016646 0 0 0 0 0 0 255 0 0.25
2 1.25003 -4.16151e-005 0 1 0.000166478 0 0 0 0 255 2.5 0.0375
end
5.775
1 0.000160523 0.000861659 0 0 0 0 0 255 0 0 0.25
1 2.49989 -0.000574439 0 0 0 0 0 0 255 0 0.25
2 1.25003 0.00014361 0 1 -0.0005745 0 0 0 0 255 2.5 0.0375
end
5.8
1 0.000169095 0.0035355 0 0 0 0 0 255 0 0 0.25
1 2.49989 -0.002357 0 0 0 0 0 0 255 0 0.25
2 1.25003 0.000589251 0 0.999997 -0.00235726 0 0 0 0 255 2.5 0.0375
end
5.825
1 0.00018983 0.00777181 0 0 0 0 0 255 0 0 0.25
1 2.49987 -0.00518121 0 0 0 0 0 0 255 0 0.25
2 1.25003 0.0012953 0 0.999987 -0.00518179 0 0 0 0 255 2.5 0.0375
end
5.85
1 0.00023598 0.0135705 0 0 0 0 0 255 0 0 0.25
1 2.49984 -0.00904698 0 0 0 0 0 0 255 0 0.25
2 1.25004 0.00226175 0 0.999959 -0.00904804 0 0 0 0 255 2.5 0.0375
end
5.875
1 0.000325672 0.0209312 0 0 0 0 0 255 0 0 0.25
1 2.49978 -0.0139541 0 0 0 0 0 0 255 0 0.25
2 1.25005 0.00348854 0 0.999903 -0.0139558 0 0 0 0 255 2.5 0.0375
end
5.9
1 0.000481909 0.0298535 0 0 0 0 0 255 0 0 0.25
1 2.49968 -0.0199023 0 0 0 0 0 0 255 0 0.25
2 1.25008 0.00497558 0 0.999802 -0.0199048 0 0 0 0 255 2.5 0.0375
end
5.925
1 0.000732564 0.0403363 0 0 0 0 0 255 0 0 0.25
1 2.49951 -0.0268909 0 0 0 0 0 0 255 0 0.25
2 1.25012 0.00672272 0 0.999638 -0.0268943 0 0 0 0 255 2.5 0.0375
end
5.95
1 0.0011104 0.0523782 0 0 0 0 0 255 0 0 0.25
1 2.49926 -0.0349188 0 0 0 0 0 0 255 0 0.25
2 1.25019 0.0087297 0 0.99939 -0.0349233 0 0 0 0 255 2.5 0.0375
end
5.975
1 0.001653 0.0659767 0 0 0 0 0 255 0 0 0.25
1 2.4989 -0.0439845 0 0 0 0 0 0 255 0 0.25
2 1.25028 0.0109961 0 0.999032 -0.0439904 0 0 0 0 255 2.5 0.0375
end
6
1 0.00240261 0.0811284 0 0 0 0 0 255 0 0 0.25
1 2.4984 -0.0540856 0 0 0 0 0 0 255 0 0.25
2 1.2504 0.0135214 0 0.998536 -0.0540931 0 0 0 0 255 2.5 0.0375
end
6.025
1 0.00340652 0.0978288 0 0 0 0 0 255 0 0 0.25
1 2.49773 -0.0652192 0 0 0 0 0 0 255 0 0.25
2 1.25057 0.0163048 0 0.99787 -0.0652284 0 0 0 0 255 2.5 0.0375
end
6.05
1 0.00471662 0.116071 0 0 0 0 0 255 0 0 0.25
1 2.49686 -0.077381 0 0 0 0 0 0 255 0 0.25
2 1.25079 0.0193452 0 0.997001 -0.0773922 0 0 0 0 255 2.5 0.0375
end
6.075
1 0.00638949 0.135848 0 0 0 0 0 255 0 0 0.25
1 2.49574 -0.0905655 0 0 0 0 0 0 255 0 0.25
2 1.25106 0.0226414 0 0.995889 -0.090579 0 0 0 0 255 2.5 0.0375
end
6.1
1 0.00848624 0.157149 0 0 0 0 0 255 0 0 0.25
1 2.49434 -0.104766 0 0 0 0 0 0 255 0 0.25
2 1.25141 0.0261914 0 0.994495 -0.104782 0 0 0 0 255 2.5 0.0375
end
6.125
1 0.0110725 0.17996 0 0 0 0 0 255 0 0 0.25
1 2.49262 -0.119973 0 0 0 0 0 0 255 0 0.25
2 1.25185 0.0299933 0 0.992775 -0.119992 0 0 0 0 255 2.5 0.0375
end
6.15
1 0.0142184 0.204265 0 0 0 0 0 255 0 0 0.25
1 2.49052 -0.136177 0 0 0 0 0 0 255 0 0.25
2 1.25237 0.0340442 0 0.990681 -0.136199 0 0 0 0 255 2.5 0.0375
end
6.175
1 0.0179977 0.230046 0 0 0 0 0 255 0 0 0.25
1 2.488 -0.153364 0 0 0 0 0 0 255 0 0.25
2 1.253 0.038341 0 0.988166 -0.15339 0 0 0 0 255 2.5 0.0375
end
6.2
1 0.0224884 0.257278 0 0 0 0 0 255 0 0 0.25
1 2.48501 -0.171519 0 0 0 0 0 0 255 0 0.25
2 1.25375 0.0428797 0 0.985176 -0.171548 0 0 0 0 255 2.5 0.0375
end
6.225
1 0.0277723 0.285935 0 0 0 0 0 255 0 0 0.25
1 2.48149 -0.190623 0 0 0 0 0 0 255 0 0.25
2 1.25463 0.0476558 0 0.981657 -0.190656 0 0 0 0 255 2.5 0.0375
end
6.25
1 0.0339342 0.315982 0 0 0 0 0 255 0 0 0.25
1 2.47738 -0.210655 0 0 0 0 0 0 255 0 0.25
2 1.25566 0.0526637 0 0.977552 -0.210693 0 0 0 0 255 2.5 0.0375
end
6.275
1 0.0410623 0.347384 0 0 0 0 0 255 0 0 0.25
1 2.47263 -0.231589 0 0 0 0 0 0 255 0 0.25
2 1.25684 0.0578973 0 0.972804 -0.231632 0 0 0 0 255 2.5 0.0375
end
6.3
1 0.0492473 0.380095 0 0 0 0 0 255 0 0 0.25
1 2.46717 -0.253397 0 0 0 0 0 0 255 0 0.25
2 1.25821 0.0633492 0 0.96735 -0.253444 0 0 0 0 255 2.5 0.0375
end
6.325
1 0.0585823 0.414067 0 0 0 0 0 255 0 0 0.25
1 2.46095 -0.276045 0 0 0 0 0 0 255 0 0.25
2 1.25976 0.0690112 0 0.96113 -0.276098 0 0 0 0 255 2.5 0.0375
end
6.35
1 0.0691616 0.449244 0 0 0 0 0 255 0 0 0.25
1 2.45389 -0.299496 0 0 0 0 0 0 255 0 0.25
2 1.26153 0.074874 0 0.954079 -0.299555 0 0 0 0 255 2.5 0.0375
end
6.375
1 0.0810807 0.485562 0 0 0 0 0 255 0 0 0.25
1 2.44595 -0.323708 0 0 0 0 0 0 255 0 0.25
2 1.26351 0.0809269 0 0.946135 -0.323772 0 0 0 0 255 2.5 0.0375
end
6.4
1 0.0944366 0.522949 0 0 0 0 0 255 0 0 0.25
1 2.43704 -0.348633 0 0 0 0 0 0 255 0 0.25
2 1.26574 0.0871582 0 0.937233 -0.348704 0 0 0 0 255 2.5 0.0375
end
6.425
1 0.109325 0.561328 0 0 0 0 0 255 0 0 0.25
1 2.42712 -0.374219 0 0 0 0 0 0 255 0 0.25
2 1.26822 0.0935547 0 0.927309 -0.374296 0 0 0 0 255 2.5 0.0375
end
6.45
1 0.12584 0.600612 0 0 0 0 0 255 0 0 0.25
1 2.41611 -0.400408 0 0 0 0 0 0 255 0 0.25
2 1.27097 0.100102 0 0.9163 -0.400493 0 0 0 0 255 2.5 0.0375
end
6.475
1 0.144076 0.640705 0 0 0 0 0 255 0 0 0.25
1 2.40395 -0.427137 0 0 0 0 0 0 255 0 0.25
2 1.27401 0.106784 0 0.904144 -0.427229 0 0 0 0 255 2.5 0.0375
end
6.5
1 0.164122 0.681505 0 0 0 0 0 255 0 0 0.25
1 2.39059 -0.454336 0 0 0 0 0 0 255 0 0.25
2 1.27735 0.113584 0 0.89078 -0.454435 0 0 0 0 255 2.5 0.0375
end
6.525
1 0.186065 0.722897 0 0 0 0 0 255 0 0 0.25
1 2.37596 -0.481931 0 0 0 0 0 0 255 0 0.25
2 1.28101 0.120483 0 0.87615 -0.482038 0 0 0 0 255 2.5 0.0375
end
6.55
1 0.209988 0.764762 0 0 0 0 0 255 0 0 0.25
1 2.36001 -0.509841 0 0 0 0 0 0 255 0 0.25
2 1.285 0.12746 0 0.860201 -0.509956 0 0 0 0 255 2.5 0.0375
end
6.575
1 0.235967 0.806969 0 0 0 0 0 255 0 0 0.25
1 2.34269 -0.537979 0 0 0 0 0 0 255 0 0.25
2 1.28933 0.134495 0 0.84288 -0.538102 0 0 0 0 255 2.5 0.0375
end
6.6
1 0.264071 0.849381 0 0 0 0 0 255 0 0 0.25
1 2.32395 -0.566254 0 0 0 0 0 0 255 0 0.25
2 1.29401 0.141563 0 0.824142 -0.566384 0 0 0 0 255 2.5 0.0375
end
6.625
1 0.294363 0.89185 0 0 0 0 0 255 0 0 0.25
1 2.30376 -0.594566 0 0 0 0 0 0 255 0 0.25
2 1.29906 0.148642 0 0.803945 -0.594704 0 0 0 0 255 2.5 0.0375
end
6.65
1 0.326894 0.934223 0 0 0 0 0 255 0 0 0.25
1 2.28207 -0.622815 0 0 0 0 0 0 255 0 0.25
2 1.30448 0.155704 0 0.782253 -0.622961 0 0 0 0 255 2.5 0.0375
end
6.675
1 0.36171 0.976338 0 0 0 0 0 255 0 0 0.25
1 2.25886 -0.650892 0 0 0 0 0 0 255 0 0.25
2 1.31028 0.162723 0 0.759039 -0.651045 0 0 0 0 255 2.5 0.0375
end
6.7
1 0.39884 1.01803 0 0 0 0 0 255 0 0 0.25
1 2.23411 -0.678686 0 0 0 0 0 0 255 0 0.25
2 1.31647 0.169671 0 0.73428 -0.678846 0 0 0 0 255 2.5 0.0375
end
6.725
1 0.438306 1.05912 0 0 0 0 0 255 0 0 0.25
1 2.2078 -0.70608 0 0 0 0 0 0 255 0 0.25
2 1.32305 0.17652 0 0.707964 -0.706248 0 0 0 0 255 2.5 0.0375
end
6.75
1 0.480114 1.09944 0 0 0 0 0 255 0 0 0.25
1 2.17992 -0.732957 0 0 0 0 0 0 255 0 0.25
2 1.33002 0.183239 0 0.680086 -0.733132 0 0 0 0 255 2.5 0.0375
end
6.775
1 0.524258 1.13879 0 0 0 0 0 255 0 0 0.25
1 2.15049 -0.759196 0 0 0 0 0 0 255 0 0.25
2 1.33738 0.189799 0 0.65065 -0.759378 0 0 0 0 255 2.5 0.0375
end
6.8
1 0.570716 1.17701 0 0 0 0 0 255 0 0 0.25
1 2.11952 -0.784675 0 0 0 0 0 0 255 0 0.25
2 1.34512 0.196169 0 0.61967 -0.784862 0 0 0 0 255 2.5 0.0375
end
6.825
1 0.619452 1.21391 0 0 0 0 0 255 0 0 0.25
1 2.08703 -0.80927 0 0 0 0 0 0 255 0 0.25
2 1.35324 0.202318 0 0.587171 -0.809463 0 0 0 0 255 2.5 0.0375
end
6.85
1 0.670415 1.24929 0 0 0 0 0 255 0 0 0.25
1 2.05306 -0.83286 0 0 0 0 0 0 255 0 0.25
2 1.36174 0.208215 0 0.553188 -0.833057 0 0 0 0 255 2.5 0.0375
end
6.875
1 0.723536 1.28298 0 0 0 0 0 255 0 0 0.25
1 2.01764 -0.855323 0 0 0 0 0 0 255 0 0.25
2 1.37059 0.213831 0 0.517764 -0.855523 0 0 0 0 255 2.5 0.0375
end
6.9
1 0.778732 1.31481 0 0 0 0 0 255 0 0 0.25
1 1.98085 -0.87654 0 0 0 0 0 0 255 0 0.25
2 1.37979 0.219135 0 0.480957 -0.876744 0 0 0 0 255 2.5 0.0375
end
6.925
1 0.835903 1.3446 0 0 0 0 0 255 0 0 0.25
1 1.94273 -0.896398 0 0 0 0 0 0 255 0 0.25
2 1.38932 0.2241 0 0.442833 -0.896604 0 0 0 0 255 2.5 0.0375
end
6.95
1 0.894933 1.37218 0 0 0 0 0 255 0 0 0.25
1 1.90338 -0.914786 0 0 0 0 0 0 255 0 0.25
2 1.39916 0.228697 0 0.403469 -0.914993 0 0 0 0 255 2.5 0.0375
end
6.975
1 0.955693 1.3974 0 0 0 0 0 255 0 0 0.25
1 1.86287 -0.931601 0 0 0 0 0 0 255 0 0.25
2 1.40928 0.2329 0 0.362952 -0.931808 0 0 0 0 255 2.5 0.0375
end
7
1 1.01804 1.42012 0 0 0 0 0 255 0 0 0.25
1 1.82131 -0.946744 0 0 0 0 0 0 255 0 0.25
2 1.41967 0.236686 0 0.321379 -0.946951 0 0 0 0 255 2.5 0.0375
end
7.025
1 1.08181 1.44019 0 0 0 0 0 255 0 0 0.25
1 1.7788 -0.960129 0 0 0 0 0 0 255 0 0.25
2 1.4303 0.240032 0 0.278856 -0.960333 0 0 0 0 255 2.5 0.0375
end
7.05
1 1.14683 1.45751 0 0 0 0 0 255 0 0 0.25
1 1.73545 -0.971674 0 0 0 0 0 0 255 0 0.25
2 1.44114 0.242918 0 0.235497 -0.971875 0 0 0 0 255 2.5 0.0375
end
7.075
1 1.21292 1.47197 0 0 0 0 0 255 0 0 0.25
1 1.69138 -0.98131 0 0 0 0 0 0 255 0 0.25
2 1.45215 0.245328 0 0.191423 -0.981508 0 0 0 0 255 2.5 0.0375
end
7.1
1 1.2799 1.48347 0 0 0 0 0 255 0 0 0.25
1 1.64673 -0.988979 0 0 0 0 0 0 255 0 0.25
2 1.46332 0.247245 0 0.146763 -0.989172 0 0 0 0 255 2.5 0.0375
end
7.125
1 1.34755 1.49195 0 0 0 0 0 255 0 0 0.25
1 1.60163 -0.994634 0 0 0 0 0 0 255 0 0.25
2 1.47459 0.248658 0 0.101649 -0.99482 0 0 0 0 255 2.5 0.0375
end
7.15
1 1.41568 1.49736 0 0 0 0 0 255 0 0 0.25
1 1.55621 -0.998239 0 0 0 0 0 0 255 0 0.25
2 1.48595 0.24956 0 0.0562211 -0.998418 0 0 0 0 255 2.5 0.0375
end
7.175
1 1.48408 1.49966 0 0 0 0 0 255 0 0 0.25
1 1.51062 -0.999772 0 0 0 0 0 0 255 0 0.25
2 1.49735 0.249943 0 0.0106181 -0.999944 0 0 0 0 255 2.5 0.0375
end
7.2
1 1.55252 1.49883 0 0 0 0 0 255 0 0 0.25
1 1.46499 -0.999223 0 0 0 0 0 0 255 0 0.25
2 1.50875 0.249806 0 -0.0350174 -0.999387 0 0 0 0 255 2.5 0.0375
end
7.225
1 1.6208 1.4949 0 0 0 0 0 255 0 0 0.25
1 1.41947 -0.996597 0 0 0 0 0 0 255 0 0.25
2 1.52013 0.249149 0 -0.0805429 -0.996751 0 0 0 0 255 2.5 0.0375
end
7.25
1 1.6887 1.48786 0 0 0 0 0 255 0 0 0.25
1 1.3742 -0.991909 0 0 0 0 0 0 255 0 0.25
2 1.53145 0.247977 0 -0.125817 -0.992054 0 0 0 0 255 2.5 0.0375
end
7.275
1 1.75601 1.47778 0 0 0 0 0 255 0 0 0.25
1 1.32932 -0.985189 0 0 0 0 0 0 255 0 0.25
2 1.54267 0.246297 0 -0.1707 -0.985323 0 0 0 0 255 2.5 0.0375
end
7.3
1 1.82254 1.46472 0 0 0 0 0 255 0 0 0.25
1 1.28497 -0.976478 0 0 0 0 0 0 255 0 0.25
2 1.55376 0.244119 0 -0.215057 -0.976602 0 0 0 0 255 2.5 0.0375
end
7.325
1 1.88809 1.44874 0 0 0 0 0 255 0 0 0.25
1 1.24127 -0.96583 0 0 0 0 0 0 255 0 0.25
2 1.56468 0.241457 0 -0.258757 -0.965942 0 0 0 0 255 2.5 0.0375
end
7.35
1 1.95247 1.42996 0 0 0 0 0 255 0 0 0.25
1 1.19836 -0.953309 0 0 0 0 0 0 255 0 0.25
2 1.57541 0.238327 0 -0.301676 -0.953411 0 0 0 0 255 2.5 0.0375
end
7.375
1 2.01549 1.40849 0 0 0 0 0 255 0 0 0.25
1 1.15634 -0.938991 0 0 0 0 0 0 255 0 0.25
2 1.58592 0.234748 0 -0.343695 -0.939081 0 0 0 0 255 2.5 0.0375
end
7.4
1 2.07701 1.38444 0 0 0 0 0 255 0 0 0.25
1 1.11533 -0.922961 0 0 0 0 0 0 255 0 0.25
2 1.59617 0.23074 0 -0.384706 -0.923039 0 0 0 0 255 2.5 0.0375
end
7.425
1 2.13686 1.35797 0 0 0 0 0 255 0 0 0.25
1 1.07542 -0.905311 0 0 0 0 0 0 255 0 0.25
2 1.60614 0.226328 0 -0.424607 -0.905378 0 0 0 0 255 2.5 0.0375
end
7.45
1 2.19492 1.32921 0 0 0 0 0 255 0 0 0.25
1 1.03672 -0.886143 0 0 0 0 0 0 255 0 0.25
2 1.61582 0.221536 0 -0.463307 -0.886198 0 0 0 0 255 2.5 0.0375
end
7.475
1 2.25105 1.29835 0 0 0 0 0 255 0 0 0.25
1 0.999301 -0.865564 0 0 0 0 0 0 255 0 0.25
2 1.62517 0.216391 0 -0.500724 -0.865607 0 0 0 0 255 2.5 0.0375
end
7.5
1 2.30515 1.26553 0 0 0 0 0 255 0 0 0.25
1 0.963233 -0.843686 0 0 0 0 0 0 255 0 0.25
2 1.63419 0.210921 0 -0.536787 -0.843718 0 0 0 0 255 2.5 0.0375
end
7.525
1 2.35713 1.23094 0 0 0 0 0 255 0 0 0.25
1 0.928579 -0.820626 0 0 0 0 0 0 255 0 0.25
2 1.64286 0.205156 0 -0.571436 -0.820647 0 0 0 0 255 2.5 0.0375
end
7.55
1 2.40692 1.19476 0 0 0 0 0 255 0 0 0.25
1 0.895389 -0.796504 0 0 0 0 0 0 255 0 0.25
2 1.65115 0.199126 0 -0.604619 -0.796515 0 0 0 0 255 2.5 0.0375
end
7.575
1 2.45445 1.15716 0 0 0 0 0 255 0 0 0.25
1 0.863702 -0.771443 0 0 0 0 0 0 255 0 0.25
2 1.65907 0.192861 0 -0.636299 -0.771443 0 0 0 0 255 2.5 0.0375
end
7.6
1 2.49968 1.11834 0 0 0 0 0 255 0 0 0.25
1 0.833547 -0.745562 0 0 0 0 0 0 255 0 0.25
2 1.66661 0.186391 0 -0.666445 -0.745554 0 0 0 0 255 2.5 0.0375
end
7.625
1 2.54259 1.07848 0 0 0 0 0 255 0 0 0.25
1 0.804943 -0.718988 0 0 0 0 0 0 255 0 0.25
2 1.67376 0.179747 0 -0.69504 -0.718971 0 0 0 0 255 2.5 0.0375
end
7.65
1 2.58315 1.03776 0 0 0 0 0 255 0 0 0.25
1 0.777899 -0.691841 0 0 0 0 0 0 255 0 0.25
2 1.68053 0.17296 0 -0.722074 -0.691816 0 0 0 0 255 2.5 0.0375
end
7.675
1 2.62138 0.996361 0 0 0 0 0 255 0 0 0.25
1 0.752415 -0.66424 0 0 0 0 0 0 255 0 0.25
2 1.6869 0.16606 0 -0.747548 -0.664208 0 0 0 0 255 2.5 0.0375
end
7.7
1 2.65728 0.954455 0 0 0 0 0 255 0 0 0.25
1 0.72848 -0.636303 0 0 0 0 0 0 255 0 0.25
2 1.69288 0.159076 0 -0.771472 -0.636264 0 0 0 0 255 2.5 0.0375
end
7.725
1 2.69088 0.912214 0 0 0 0 0 255 0 0 0.25
1 0.706078 -0.608143 0 0 0 0 0 0 255 0 0.25
2 1.69848 0.152036 0 -0.793863 -0.608097 0 0 0 0 255 2.5 0.0375
end
7.75
1 2.72223 0.869803 0 0 0 0 0 255 0 0 0.25
1 0.685183 -0.579868 0 0 0 0 0 0 255 0 0.25
2 1.7037 0.144967 0 -0.814746 -0.579818 0 0 0 0 255 2.5 0.0375
end
7.775
1 2.75136 0.827378 0 0 0 0 0 255 0 0 0.25
1 0.665762 -0.551585 0 0 0 0 0 0 255 0 0.25
2 1.70856 0.137896 0 -0.834155 -0.55153 0 0 0 0 255 2.5 0.0375
end
7.8
1 2.77833 0.78509 0 0 0 0 0 255 0 0 0.25
1 0.647778 -0.523393 0 0 0 0 0 0 255 0 0.25
2 1.71306 0.130848 0 -0.852127 -0.523335 0 0 0 0 255 2.5 0.0375
end
7.825
1 2.80322 0.743081 0 0 0 0 0 255 0 0 0.25
1 0.631185 -0.495387 0 0 0 0 0 0 255 0 0.25
2 1.7172 0.123847 0 -0.868707 -0.495326 0 0 0 0 255 2.5 0.0375
end
7.85
1 2.8261 0.701484 0 0 0 0 0 255 0 0 0.25
1 0.615936 -0.467656 0 0 0 0 0 0 255 0 0.25
2 1.72102 0.116914 0 -0.883944 -0.467593 0 0 0 0 255 2.5 0.0375
end
7.875
1 2.84703 0.660425 0 0 0 0 0 255 0 0 0.25
1 0.601977 -0.440283 0 0 0 0 0 0 255 0 0.25
2 1.72451 0.110071 0 -0.897891 -0.440218 0 0 0 0 255 2.5 0.0375
end
7.9
1 2.86612 0.620019 0 0 0 0 0 255 0 0 0.25
1 0.589252 -0.413346 0 0 0 0 0 0 255 0 0.25
2 1.72769 0.103337 0 -0.910604 -0.413281 0 0 0 0 255 2.5 0.0375
end
7.925
1 2.88345 0.580376 0 0 0 0 0 255 0 0 0.25
1 0.577701 -0.386917 0 0 0 0 0 0 255 0 0.25
2 1.73057 0.0967293 0 -0.922142 -0.386851 0 0 0 0 255 2.5 0.0375
end
7.95
1 2.8991 0.541593 0 0 0 0 0 255 0 0 0.25
1 0.567264 -0.361062 0 0 0 0 0 0 255 0 0.25
2 1.73318 0.0902655 0 -0.932567 -0.360997 0 0 0 0 255 2.5 0.0375
end
7.975
1 2.91318 0.503762 0 0 0 0 0 255 0 0 0.25
1 0.557877 -0.335841 0 0 0 0 0 0 255 0 0.25
2 1.73553 0.0839603 0 -0.941942 -0.335777 0 0 0 0 255 2.5 0.0375
end
8
1 2.92578 0.466965 0 0 0 0 0 255 0 0 0.25
1 0.549478 -0.31131 0 0 0 0 0 0 255 0 0.25
2 1.73763 0.0778274 0 -0.950329 -0.311247 0 0 0 0 255 2.5 0.0375
end
8.025
1 2.937 0.431276 0 0 0 0 0 255 0 0 0.25
1 0.542001 -0.287517 0 0 0 0 0 0 255 0 0.25
2 1.7395 0.0718793 0 -0.957794 -0.287456 0 0 0 0 255 2.5 0.0375
end
8.05
1 2.94692 0.396761 0 0 0 0 0 255 0 0 0.25
1 0.535384 -0.264508 0 0 0 0 0 0 255 0 0.25
2 1.74115 0.0661269 0 -0.9644 -0.264448 0 0 0 0 255 2.5 0.0375
end
8.075
1 2.95566 0.363482 0 0 0 0 0 255 0 0 0.25
1 0.529562 -0.242321 0 0 0 0 0 0 255 0 0.25
2 1.74261 0.0605803 0 -0.97021 -0.242264 0 0 0 0 255 2.5 0.0375
end
8.1
1 2.96329 0.33149 0 0 0 0 0 255 0 0 0.25
1 0.524473 -0.220993 0 0 0 0 0 0 255 0 0.25
2 1.74388 0.0552483 0 -0.975288 -0.220939 0 0 0 0 255 2.5 0.0375
end
8.125
1 2.96991 0.300831 0 0 0 0 0 255 0 0 0.25
1 0.520057 -0.200554 0 0 0 0 0 0 255 0 0.25
2 1.74499 0.0501384 0 -0.979693 -0.200503 0 0 0 0 255 2.5 0.0375
end
8.15
1 2.97562 0.271546 0 0 0 0 0 255 0 0 0.25
1 0.516253 -0.18103 0 0 0 0 0 0 255 0 0.25
2 1.74594 0.0452576 0 -0.983486 -0.180983 0 0 0 0 255 2.5 0.0375
end
8.175
1 2.98049 0.24367 0 0 0 0 0 255 0 0 0.25
1 0.513004 -0.162446 0 0 0 0 0 0 255 0 0.25
2 1.74675 0.0406116 0 -0.986725 -0.162402 0 0 0 0 255 2.5 0.0375
end
8.2
1 2.98462 0.217232 0 0 0 0 0 255 0 0 0.25
1 0.510255 -0.144821 0 0 0 0 0 0 255 0 0.25
2 1.74744 0.0362053 0 -0.989464 -0.14478 0 0 0 0 255 2.5 0.0375
end
8.225
1 2.98807 0.192259 0 0 0 0 0 255 0 0 0.25
1 0.507953 -0.128173 0 0 0 0 0 0 255 0 0.25
2 1.74801 0.0320431 0 -0.991757 -0.128135 0 0 0 0 255 2.5 0.0375
end
8.25
1 2.99093 0.168771 0 0 0 0 0 255 0 0 0.25
1 0.506045 -0.112514 0 0 0 0 0 0 255 0 0.25
2 1.74849 0.0281285 0 -0.993654 -0.11248 0 0 0 0 255 2.5 0.0375
end
8.275
1 2.99327 0.146786 0 0 0 0 0 255 0 0 0.25
1 0.504487 -0.0978575 0 0 0 0 0 0 255 0 0.25
2 1.74888 0.0244644 0 -0.995203 -0.0978271 0 0 0 0 255 2.5 0.0375
end
8.3
1 2.99515 0.126319 0 0 0 0 0 255 0 0 0.25
1 0.503231 -0.0842127 0 0 0 0 0 0 255 0 0.25
2 1.74919 0.0210532 0 -0.99645 -0.0841858 0 0 0 0 255 2.5 0.0375
end
8.325
1 2.99665 0.107381 0 0 0 0 0 255 0 0 0.25
1 0.502236 -0.0715874 0 0 0 0 0 0 255 0 0.25
2 1.74944 0.0178969 0 -0.997436 -0.0715639 0 0 0 0 255 2.5 0.0375
end
8.35
1 2.99781 0.0899815 0 0 0 0 0 255 0 0 0.25
1 0.501463 -0.0599877 0 0 0 0 0 0 255 0 0.25
2 1.74963 0.0149969 0 -0.9982 -0.0599675 0 0 0 0 255 2.5 0.0375
end
8.375
1 2.99869 0.0741276 0 0 0 0 0 255 0 0 0.25
1 0.500875 -0.0494184 0 0 0 0 0 0 255 0 0.25
2 1.74978 0.0123546 0 -0.998779 -0.0494013 0 0 0 0 255 2.5 0.0375
end
8.4
1 2.99934 0.0598246 0 0 0 0 0 255 0 0 0.25
1 0.500441 -0.0398831 0 0 0 0 0 0 255 0 0.25
2 1.74989 0.00997077 0 -0.999205 -0.039869 0 0 0 0 255 2.5 0.0375
end
8.425
1 2.99981 0.0470767 0 0 0 0 0 255 0 0 0.25
1 0.50013 -0.0313845 0 0 0 0 0 0 255 0 0.25
2 1.74997 0.00784612 0 -0.999508 -0.0313731 0 0 0 0 255 2.5 0.0375
end
8.45
1 3.00013 0.0358867 0 0 0 0 0 255 0 0 0.25
1 0.499916 -0.0239245 0 0 0 0 0 0 255 0 0.25
2 1.75002 0.00598111 0 -0.999714 -0.0239156 0 0 0 0 255 2.5 0.0375
end
8.475
1 3.00034 0.0262564 0 0 0 0 0 255 0 0 0.25
1 0.499775 -0.0175043 0 0 0 0 0 0 255 0 0.25
2 1.75006 0.00437607 0 -0.999847 -0.0174977 0 0 0 0 255 2.5 0.0375
end
8.5
1 3.00047 0.0181872 0 0 0 0 0 255 0 0 0.25
1 0.499687 -0.0121248 0 0 0 0 0 0 255 0 0.25
2 1.75008 0.0030312 0 -0.999927 -0.0121201 0 0 0 0 255 2.5 0.0375
end
8.525
1 3.00055 0.0116798 0 0 0 0 0 255 0 0 0.25
1 0.499636 -0.00778654 0 0 0 0 0 0 255 0 0.25
2 1.75009 0.00194663 0 -0.99997 -0.00778347 0 0 0 0 255 2.5 0.0375
end
8.55
1 3.00059 0.00673462 0 0 0 0 0 255 0 0 0.25
1 0.499608 -0.00448974 0 0 0 0 0 0 255 0 0.25
2 1.7501 0.00112244 0 -0.99999 -0.00448794 0 0 0 0 255 2.5 0.0375
end
8.575
1 3.00061 0.00335183 0 0 0 0 0 255 0 0 0.25
1 0.499593 -0.00223455 0 0 0 0 0 0 255 0 0.25
2 1.7501 0.000558638 0 -0.999998 -0.00223364 0 0 0 0 255 2.5 0.0375
end
8.6
1 3.00062 0.00153152 0 0 0 0 0 255 0 0 0.25
1 0.499584 -0.00102101 0 0 0 0 0 0 255 0 0.25
2 1.7501 0.000255253 0 -0.999999 -0.00102059 0 0 0 0 255 2.5 0.0375
end
8.625
1 3.00064 0.00127371 0 0 0 0 0 255 0 0 0.25
1 0.499576 -0.000849137 0 0 0 0 0 0 255 0 0.25
2 1.75011 0.000212284 0 -1 -0.000848777 0 0 0 0 255 2.5 0.0375
end
8.65
1 3.00065 0.00257839 0 0 0 0 0 255 0 0 0.25
1 0.49957 -0.00171893 0 0 0 0 0 0 255 0 0.25
2 1.75011 0.000429731 0 -0.999999 -0.00171818 0 0 0 0 255 2.5 0.0375
end
8.675
1 3.00065 0.00544556 0 0 0 0 0 255 0 0 0.25
1 0.499568 -0.00363037 0 0 0 0 0 0 255 0 0.25
2 1.75011 0.000907593 0 -0.999993 -0.00362878 0 0 0 0 255 2.5 0.0375
end
8.7
1 3.00064 0.00987517 0 0 0 0 0 255 0 0 0.25
1 0.499576 -0.00658345 0 0 0 0 0 0 255 0 0.25
2 1.75011 0.00164586 0 -0.999978 -0.00658051 0 0 0 0 255 2.5 0.0375
end
8.725
1 3.0006 0.0158671 0 0 0 0 0 255 0 0 0.25
1 0.499603 -0.010578 0 0 0 0 0 0 255 0 0.25
2 1.7501 0.00264451 0 -0.999944 -0.0105733 0 0 0 0 255 2.5 0.0375
end
8.75
1 3.00051 0.0234209 0 0 0 0 0 255 0 0 0.25
1 0.499662 -0.015614 0 0 0 0 0 0 255 0 0.25
2 1.75008 0.00390349 0 -0.999878 -0.0156068 0 0 0 0 255 2.5 0.0375
end
8.775
1 3.00035 0.0325362 0 0 0 0 0 255 0 0 0.25
1 0.499768 -0.0216908 0 0 0 0 0 0 255 0 0.25
2 1.75006 0.00542269 0 -0.999765 -0.0216807 0 0 0 0 255 2.5 0.0375
end
8.8
1 3.00009 0.0432117 0 0 0 0 0 255 0 0 0.25
1 0.499941 -0.0288078 0 0 0 0 0 0 255 0 0.25
2 1.75001 0.00720195 0 -0.999585 -0.0287941 0 0 0 0 255 2.5 0.0375
end
8.825
1 2.9997 0.0554458 0 0 0 0 0 255 0 0 0.25
1 0.500203 -0.0369639 0 0 0 0 0 0 255 0 0.25
2 1.74995 0.00924096 0 -0.999317 -0.0369461 0 0 0 0 255 2.5 0.0375
end
8.85
1 2.99913 0.0692359 0 0 0 0 0 255 0 0 0.25
1 0.500578 -0.0461573 0 0 0 0 0 0 255 0 0.25
2 1.74986 0.0115393 0 -0.998935 -0.0461348 0 0 0 0 255 2.5 0.0375
end
8.875
1 2.99835 0.0845786 0 0 0 0 0 255 0 0 0.25
1 0.501097 -0.0563857 0 0 0 0 0 0 255 0 0.25
2 1.74973 0.0140964 0 -0.998411 -0.0563579 0 0 0 0 255 2.5 0.0375
end
8.9
1 2.99732 0.101469 0 0 0 0 0 255 0 0 0.25
1 0.50179 -0.0676459 0 0 0 0 0 0 255 0 0.25
2 1.74955 0.0169115 0 -0.997712 -0.0676121 0 0 0 0 255 2.5 0.0375
end
8.925
1 2.99596 0.1199 0 0 0 0 0 255 0 0 0.25
1 0.502692 -0.0799334 0 0 0 0 0 0 255 0 0.25
2 1.74933 0.0199833 0 -0.996803 -0.079893 0 0 0 0 255 2.5 0.0375
end
8.95
1 2.99424 0.139864 0 0 0 0 0 255 0 0 0.25
1 0.503842 -0.0932426 0 0 0 0 0 0 255 0 0.25
2 1.74904 0.0233106 0 -0.995648 -0.0931949 0 0 0 0 255 2.5 0.0375
end
8.975
1 2.99208 0.161349 0 0 0 0 0 255 0 0 0.25
1 0.505281 -0.107566 0 0 0 0 0 0 255 0 0.25
2 1.74868 0.0268916 0 -0.994204 -0.107511 0 0 0 0 255 2.5 0.0375
end
9
1 2.98942 0.184343 0 0 0 0 0 255 0 0 0.25
1 0.507053 -0.122895 0 0 0 0 0 0 255 0 0.25
2 1.74824 0.0307238 0 -0.992428 -0.122831 0 0 0 0 255 2.5 0.0375
end
9.025
1 2.98619 0.208828 0 0 0 0 0 255 0 0 0.25
1 0.509205 -0.139219 0 0 0 0 0 0 255 0 0.25
2 1.7477 0.0348047 0 -0.990272 -0.139145 0 0 0 0 255 2.5 0.0375
end
9.05
1 2.98232 0.234785 0 0 0 0 0 255 0 0 0.25
1 0.511786 -0.156523 0 0 0 0 0 0 255 0 0.25
2 1.74705 0.0391309 0 -0.987687 -0.15644 0 0 0 0 255 2.5 0.0375
end
9.075
1 2.97773 0.26219 0 0 0 0 0 255 0 0 0.25
1 0.514849 -0.174793 0 0 0 0 0 0 255 0 0.25
2 1.74629 0.0436983 0 -0.984622 -0.174699 0 0 0 0 255 2.5 0.0375
end
9.1
1 2.97233 0.291014 0 0 0 0 0 255 0 0 0.25
1 0.518447 -0.194009 0 0 0 0 0 0 255 0 0.25
2 1.74539 0.0485023 0 -0.981021 -0.193904 0 0 0 0 255 2.5 0.0375
end
9.125
1 2.96604 0.321224 0 0 0 0 0 255 0 0 0.25
1 0.522639 -0.214149 0 0 0 0 0 0 255 0 0.25
2 1.74434 0.0535373 0 -0.976827 -0.214032 0 0 0 0 255 2.5 0.0375
end
9.15
1 2.95877 0.352781 0 0 0 0 0 255 0 0 0.25
1 0.527483 -0.235188 0 0 0 0 0 0 255 0 0.25
2 1.74313 0.0587969 0 -0.971981 -0.235058 0 0 0 0 255 2.5 0.0375
end
9.175
1 2.95044 0.385642 0 0 0 0 0 255 0 0 0.25
1 0.53304 -0.257095 0 0 0 0 0 0 255 0 0.25
2 1.74174 0.0642737 0 -0.966424 -0.256952 0 0 0 0 255 2.5 0.0375
end
9.2
1 2.94094 0.419756 0 0 0 0 0 255 0 0 0.25
1 0.539372 -0.279837 0 0 0 0 0 0 255 0 0.25
2 1.74016 0.0699594 0 -0.960093 -0.279681 0 0 0 0 255 2.5 0.0375
end
9.225
1 2.93019 0.455066 0 0 0 0 0 255 0 0 0.25
1 0.546541 -0.303377 0 0 0 0 0 0 255 0 0.25
2 1.73836 0.0758443 0 -0.952925 -0.303207 0 0 0 0 255 2.5 0.0375
end
9.25
1 2.91808 0.491506 0 0 0 0 0 255 0 0 0.25
1 0.554612 -0.327671 0 0 0 0 0 0 255 0 0.25
2 1.73635 0.0819177 0 -0.944856 -0.327487 0 0 0 0 255 2.5 0.0375
end
9.275
1 2.90453 0.529007 0 0 0 0 0 255 0 0 0.25
1 0.563649 -0.352671 0 0 0 0 0 0 255 0 0.25
2 1.73409 0.0881678 0 -0.935822 -0.352472 0 0 0 0 255 2.5 0.0375
end
9.3
1 2.88943 0.567487 0 0 0 0 0 255 0 0 0.25
1 0.573715 -0.378325 0 0 0 0 0 0 255 0 0.25
2 1.73157 0.0945812 0 -0.92576 -0.378111 0 0 0 0 255 2.5 0.0375
end
9.325
1 2.87269 0.60686 0 0 0 0 0 255 0 0 0.25
1 0.584874 -0.404573 0 0 0 0 0 0 255 0 0.25
2 1.72878 0.101143 0 -0.914607 -0.404344 0 0 0 0 255 2.5 0.0375
end
9.35
1 2.85422 0.647029 0 0 0 0 0 255 0 0 0.25
1 0.597187 -0.431352 0 0 0 0 0 0 255 0 0.25
2 1.7257 0.107838 0 -0.902301 -0.431107 0 0 0 0 255 2.5 0.0375
end
9.375
1 2.83393 0.687888 0 0 0 0 0 255 0 0 0.25
1 0.610714 -0.458592 0 0 0 0 0 0 255 0 0.25
2 1.72232 0.114648 0 -0.888781 -0.458332 0 0 0 0 255 2.5 0.0375
end
9.4
1 2.81173 0.729326 0 0 0 0 0 255 0 0 0.25
1 0.625512 -0.486217 0 0 0 0 0 0 255 0 0.25
2 1.71862 0.121554 0 -0.873991 -0.485941 0 0 0 0 255 2.5 0.0375
end
9.425
1 2.78755 0.771219 0 0 0 0 0 255 0 0 0.25
1 0.641637 -0.514146 0 0 0 0 0 0 255 0 0.25
2 1.71459 0.128536 0 -0.857877 -0.513855 0 0 0 0 255 2.5 0.0375
end
9.45
1 2.76129 0.813437 0 0 0 0 0 255 0 0 0.25
1 0.659137 -0.542291 0 0 0 0 0 0 255 0 0.25
2 1.71022 0.135573 0 -0.840388 -0.541985 0 0 0 0 255 2.5 0.0375
end
9.475
1 2.73291 0.85584 0 0 0 0 0 255 0 0 0.25
1 0.678059 -0.57056 0 0 0 0 0 0 255 0 0.25
2 1.70549 0.14264 0 -0.821479 -0.570239 0 0 0 0 255 2.5 0.0375
end
9.5
1 2.70233 0.898282 0 0 0 0 0 255 0 0 0.25
1 0.698444 -0.598855 0 0 0 0 0 0 255 0 0.25
2 1.70039 0.149714 0 -0.801108 -0.59852 0 0 0 0 255 2.5 0.0375
end
9.525
1 2.66951 0.940607 0 0 0 0 0 255 0 0 0.25
1 0.720325 -0.627071 0 0 0 0 0 0 255 0 0.25
2 1.69492 0.156768 0 -0.779242 -0.626723 0 0 0 0 255 2.5 0.0375
end
9.55
1 2.6344 0.982654 0 0 0 0 0 255 0 0 0.25
1 0.743731 -0.655103 0 0 0 0 0 0 255 0 0.25
2 1.68907 0.163776 0 -0.755853 -0.654742 0 0 0 0 255 2.5 0.0375
end
9.575
1 2.59698 1.02425 0 0 0 0 0 255 0 0 0.25
1 0.768682 -0.682836 0 0 0 0 0 0 255 0 0.25
2 1.68283 0.170709 0 -0.730919 -0.682464 0 0 0 0 255 2.5 0.0375
end
9.6
1 2.55722 1.06523 0 0 0 0 0 255 0 0 0.25
1 0.795189 -0.710156 0 0 0 0 0 0 255 0 0.25
2 1.6762 0.177539 0 -0.70443 -0.709773 0 0 0 0 255 2.5 0.0375
end
9.625
1 2.51511 1.10542 0 0 0 0 0 255 0 0 0.25
1 0.823258 -0.736944 0 0 0 0 0 0 255 0 0.25
2 1.66919 0.184236 0 -0.676381 -0.736552 0 0 0 0 255 2.5 0.0375
end
9.65
1 2.47068 1.14462 0 0 0 0 0 255 0 0 0.25
1 0.852882 -0.763079 0 0 0 0 0 0 255 0 0.25
2 1.66178 0.19077 0 -0.646778 -0.762678 0 0 0 0 255 2.5 0.0375
end
9.675
1 2.42393 1.18266 0 0 0 0 0 255 0 0 0.25
1 0.884046 -0.788439 0 0 0 0 0 0 255 0 0.25
2 1.65399 0.19711 0 -0.615636 -0.788031 0 0 0 0 255 2.5 0.0375
end
9.7
1 2.37491 1.21935 0 0 0 0 0 255 0 0 0.25
1 0.916724 -0.8129 0 0 0 0 0 0 255 0 0.25
2 1.64582 0.203225 0 -0.58298 -0.812487 0 0 0 0 255 2.5 0.0375
end
9.725
1 2.32368 1.25451 0 0 0 0 0 255 0 0 0.25
1 0.95088 -0.83634 0 0 0 0 0 0 255 0 0.25
2 1.63728 0.209085 0 -0.548846 -0.835924 0 0 0 0 255 2.5 0.0375
end
9.75
1 2.2703 1.28796 0 0 0 0 0 255 0 0 0.25
1 0.986469 -0.85864 0 0 0 0 0 0 255 0 0.25
2 1.62838 0.21466 0 -0.51328 -0.858221 0 0 0 0 255 2.5 0.0375
end
9.775
1 2.21485 1.31952 0 0 0 0 0 255 0 0 0.25
1 1.02343 -0.879681 0 0 0 0 0 0 255 0 0.25
2 1.61914 0.21992 0 -0.47634 -0.879261 0 0 0 0 255 2.5 0.0375
end
9.8
1 2.15744 1.34902 0 0 0 0 0 255 0 0 0.25
1 1.0617 -0.899348 0 0 0 0 0 0 255 0 0.25
2 1.60957 0.224837 0 -0.438092 -0.89893 0 0 0 0 255 2.5 0.0375
end
9.825
1 2.09819 1.3763 0 0 0 0 0 255 0 0 0.25
1 1.10121 -0.917533 0 0 0 0 0 0 255 0 0.25
2 1.5997 0.229383 0 -0.398614 -0.917119 0 0 0 0 255 2.5 0.0375
end
9.85
1 2.03723 1.4012 0 0 0 0 0 255 0 0 0.25
1 1.14185 -0.934133 0 0 0 0 0 0 255 0 0.25
2 1.58954 0.233533 0 -0.357995 -0.933723 0 0 0 0 255 2.5 0.0375
end
9.875
1 1.9747 1.42358 0 0 0 0 0 255 0 0 0.25
1 1.18353 -0.949051 0 0 0 0 0 0 255 0 0.25
2 1.57912 0.237263 0 -0.316332 -0.948648 0 0 0 0 255 2.5 0.0375
end
9.9
1 1.91077 1.4433 0 0 0 0 0 255 0 0 0.25
1 1.22616 -0.9622 0 0 0 0 0 0 255 0 0.25
2 1.56846 0.24055 0 -0.273732 -0.961806 0 0 0 0 255 2.5 0.0375
end
9.925
1 1.8456 1.46025 0 0 0 0 0 255 0 0 0.25
1 1.2696 -0.973501 0 0 0 0 0 0 255 0 0.25
2 1.5576 0.243375 0 -0.230308 -0.973118 0 0 0 0 255 2.5 0.0375
end
9.95
1 1.77938 1.47433 0 0 0 0 0 255 0 0 0.25
1 1.31375 -0.982886 0 0 0 0 0 0 255 0 0.25
2 1.54656 0.245721 0 -0.186184 -0.982515 0 0 0 0 255 2.5 0.0375
end
9.975
1 1.71231 1.48545 0 0 0 0 0 255 0 0 0.25
1 1.35846 -0.990297 0 0 0 0 0 0 255 0 0.25
2 1.53538 0.247574 0 -0.141487 -0.98994 0 0 0 0 255 2.5 0.0375
end
