3
0
2 0 0 0 0 0 1 0.0 100 100 100 0.032 0.022
3 0 0 0.0352 0 0 1 0 0 255 0 0.0064 0.033 0.033
1 0 0.0165 0.032 0 0 0 0 0 255 0 0.00165
end
0.001
2 0 0 0 0 0 1 0.0 100 100 100 0.032 0.022
3 0 0 0.0352 0 0 1 0.00059294 0 255 0 0.0064 0.033 0.033
1 -9.78351e-006 0.0165 0.032 0 0 0 0 0 255 0 0.00165
end
0.002
2 0 0 0 0 0 1 0.0 100 100 100 0.032 0.022
3 0 0 0.0352 0 0 1 0.00236713 0 255 0 0.0064 0.033 0.033
1 -3.90576e-005 0.0165 0.032 0 0 0 0 0 255 0 0.00165
end
0.003
2 0 0 0 0 0 1 0.0 100 100 100 0.032 0.022
3 0 0 0.0352 0 0 1 0.00531523 0 255 0 0.0064 0.033 0.033
1 -8.77009e-005 0.0164998 0.032 0 0 0 0 0 255 0 0.00165
end
0.004
2 0 0 0 0 0 1 0.0 100 100 100 0.032 0.022
3 0 0 0.0352 0 0 1 0.00943 0 255 0 0.0064 0.033 0.033
1 -0.000155593 0.0164993 0.032 0 0 0 0 0 255 0 0.00165
end
0.005
2 0 0 0 0 0 1 0.0 100 100 100 0.032 0.022
3 0 0 0.0352 0 0 1 0.0147041 0 255 0 0.0064 0.033 0.033
1 -0.00024261 0.0164982 0.032 0 0 0 0 0 255 0 0.00165
end
0.006
2 0 0 0 0 0 1 0.0 100 100 100 0.032 0.022
3 0 0 0.0352 0 0 1 0.0211305 0 255 0 0.0064 0.033 0.033
1 -0.000348627 0.0164963 0.032 0 0 0 0 0 255 0 0.00165
end
0.007
2 0 0 0 0 0 1 0.0 100 100 100 0.032 0.022
3 0 0 0.0352 0 0 1 0.028702 0 255 0 0.0064 0.033 0.033
1 -0.000473518 0.0164932 0.032 0 0 0 0 0 255 0 0.00165
end
0.008
2 0 0 0 0 0 1 0.0 100 100 100 0.032 0.022
3 0 0 0.0352 0 0 1 0.0374115 0 255 0 0.0064 0.033 0.033
1 -0.000617146 0.0164885 0.032 0 0 0 0 0 255 0 0.00165
end
0.009
2 0 0 0 0 0 1 0.0 100 100 100 0.032 0.022
3 0 0 0.0352 0 0 1 0.0472519 0 255 0 0.0064 0.033 0.033
1 -0.000779367 0.0164816 0.032 0 0 0 0 0 255 0 0.00165
end
0.01
2 0 0 0 0 0 1 0.0 100 100 100 0.032 0.022
3 0 0 0.0352 0 0 1 0.0582163 0 255 0 0.0064 0.033 0.033
1 -0.000960026 0.016472 0.032 0 0 0 0 0 255 0 0.00165
end
0.011
2 0 0 0 0 0 1 0.0 100 100 100 0.032 0.022
3 0 0 0.0352 0 0 1 0.0702975 0 255 0 0.0064 0.033 0.033
1 -0.00115895 0.0164592 0.032 0 0 0 0 0 255 0 0.00165
end
0.012
2 0 0 0 0 0 1 0.0 100 100 100 0.032 0.022
3 0 0 0.0352 0 0 1 0.0834887 0 255 0 0.0064 0.033 0.033
1 -0.00137596 0.0164425 0.032 0 0 0 0 0 255 0 0.00165
end
0.013
2 0 0 0 0 0 1 0.0 100 100 100 0.032 0.022
3 0 0 0.0352 0 0 1 0.0977831 0 255 0 0.0064 0.033 0.033
1 -0.00161085 0.0164212 0.032 0 0 0 0 0 255 0 0.00165
end
0.014
2 0 0 0 0 0 1 0.0 100 100 100 0.032 0.022
3 0 0 0.0352 0 0 1 0.113174 0 255 0 0.0064 0.033 0.033
1 -0.00186339 0.0163944 0.032 0 0 0 0 0 255 0 0.00165
end
0.015
2 0 0 0 0 0 1 0.0 100 100 100 0.032 0.022
3 0 0 0.0352 0 0 1 0.129654 0 255 0 0.0064 0.033 0.033
1 -0.00213331 0.0163615 0.032 0 0 0 0 0 255 0 0.00165
end
0.016
2 0 0 0 0 0 1 0.0 100 100 100 0.032 0.022
3 0 0 0.0352 0 0 1 0.147217 0 255 0 0.0064 0.033 0.033
1 -0.00242032 0.0163215 0.032 0 0 0 0 0 255 0 0.00165
end
0.017
2 0 0 0 0 0 1 0.0 100 100 100 0.032 0.022
3 0 0 0.0352 0 0 1 0.165856 0 255 0 0.0064 0.033 0.033
1 -0.0027241 0.0162736 0.032 0 0 0 0 0 255 0 0.00165
end
0.018
2 0 0 0 0 0 1 0.0 100 100 100 0.032 0.022
3 0 0 0.0352 0 0 1 0.185565 0 255 0 0.0064 0.033 0.033
1 -0.00304427 0.0162167 0.032 0 0 0 0 0 255 0 0.00165
end
0.019
2 0 0 0 0 0 1 0.0 100 100 100 0.032 0.022
3 0 0 0.0352 0 0 1 0.206336 0 255 0 0.0064 0.033 0.033
1 -0.00338043 0.01615 0.032 0 0 0 0 0 255 0 0.00165
end
0.02
2 0 0 0 0 0 1 0.0 100 100 100 0.032 0.022
3 0 0 0.0352 0 0 1 0.228163 0 255 0 0.0064 0.033 0.033
1 -0.00373211 0.0160724 0.032 0 0 0 0 0 255 0 0.00165
end
0.021
2 0 0 0 0 0 1 0.0 100 100 100 0.032 0.022
3 0 0 0.0352 0 0 1 0.25104 0 255 0 0.0064 0.033 0.033
1 -0.00409879 0.0159828 0.032 0 0 0 0 0 255 0 0.00165
end
0.022
2 0 0 0 0 0 1 0.0 100 100 100 0.032 0.022
3 0 0 0.0352 0 0 1 0.27496 0 255 0 0.0064 0.033 0.033
1 -0.00447988 0.0158802 0.032 0 0 0 0 0 255 0 0.00165
end
0.023
2 0 0 0 0 0 1 0.0 100 100 100 0.032 0.022
3 0 0 0.0352 0 0 1 0.299916 0 255 0 0.0064 0.033 0.033
1 -0.00487476 0.0157635 0.032 0 0 0 0 0 255 0 0.00165
end
0.024
2 0 0 0 0 0 1 0.0 100 100 100 0.032 0.022
3 0 0 0.0352 0 0 1 0.325903 0 255 0 0.0064 0.033 0.033
1 -0.00528271 0.0156315 0.032 0 0 0 0 0 255 0 0.00165
end
0.025
2 0 0 0 0 0 1 0.0 100 100 100 0.032 0.022
3 0 0 0.0352 0 0 1 0.352913 0 255 0 0.0064 0.033 0.033
1 -0.00570295 0.0154831 0.032 0 0 0 0 0 255 0 0.00165
end
0.026
2 0 0 0 0 0 1 0.0 100 100 100 0.032 0.022
3 0 0 0.0352 0 0 1 0.380941 0 255 0 0.0064 0.033 0.033
1 -0.00613461 0.0153172 0.032 0 0 0 0 0 255 0 0.00165
end
0.027
2 0 0 0 0 0 1 0.0 100 100 100 0.032 0.022
3 0 0 0.0352 0 0 1 0.40998 0 255 0 0.0064 0.033 0.033
1 -0.00657675 0.0151326 0.032 0 0 0 0 0 255 0 0.00165
end
0.028
2 0 0 0 0 0 1 0.0 100 100 100 0.032 0.022
3 0 0 0.0352 0 0 1 0.440024 0 255 0 0.0064 0.033 0.033
1 -0.00702836 0.0149282 0.032 0 0 0 0 0 255 0 0.00165
end
0.029
2 0 0 0 0 0 1 0.0 100 100 100 0.032 0.022
3 0 0 0.0352 0 0 1 0.471067 0 255 0 0.0064 0.033 0.033
1 -0.00748831 0.0147029 0.032 0 0 0 0 0 255 0 0.00165
end
0.03
2 0 0 0 0 0 1 0.0 100 100 100 0.032 0.022
3 0 0 0.0352 0 0 1 0.503102 0 255 0 0.0064 0.033 0.033
1 -0.00795539 0.0144555 0.032 0 0 0 0 0 255 0 0.00165
end
0.031
2 0 0 0 0 0 1 0.0 100 100 100 0.032 0.022
3 0 0 0.0352 0 0 1 0.536123 0 255 0 0.0064 0.033 0.033
1 -0.00842831 0.014185 0.032 0 0 0 0 0 255 0 0.00165
end
0.032
2 0 0 0 0 0 1 0.0 100 100 100 0.032 0.022
3 0 0 0.0352 0 0 1 0.570124 0 255 0 0.0064 0.033 0.033
1 -0.00890565 0.0138903 0.032 0 0 0 0 0 255 0 0.00165
end
0.033
2 0 0 0 0 0 1 0.0 100 100 100 0.032 0.022
3 0 0 0.0352 0 0 1 0.6051 0 255 0 0.0064 0.033 0.033
1 -0.00938593 0.0135703 0.032 0 0 0 0 0 255 0 0.00165
end
0.034
2 0 0 0 0 0 1 0.0 100 100 100 0.032 0.022
3 0 0 0.0352 0 0 1 0.641043 0 255 0 0.0064 0.033 0.033
1 -0.00986753 0.0132243 0.032 0 0 0 0 0 255 0 0.00165
end
0.035
2 0 0 0 0 0 1 0.0 100 100 100 0.032 0.022
3 0 0 0.0352 0 0 1 0.677949 0 255 0 0.0064 0.033 0.033
1 -0.0103487 0.0128512 0.032 0 0 0 0 0 255 0 0.00165
end
0.036
2 0 0 0 0 0 1 0.0 100 100 100 0.032 0.022
3 0 0 0.0352 0 0 1 0.71581 0 255 0 0.0064 0.033 0.033
1 -0.0108278 0.0124503 0.032 0 0 0 0 0 255 0 0.00165
end
0.037
2 0 0 0 0 0 1 0.0 100 100 100 0.032 0.022
3 0 0 0.0352 0 0 1 0.754622 0 255 0 0.0064 0.033 0.033
1 -0.0113027 0.0120208 0.032 0 0 0 0 0 255 0 0.00165
end
0.038
2 0 0 0 0 0 1 0.0 100 100 100 0.032 0.022
3 0 0 0.0352 0 0 1 0.794378 0 255 0 0.0064 0.033 0.033
1 -0.0117716 0.011562 0.032 0 0 0 0 0 255 0 0.00165
end
0.039
2 0 0 0 0 0 1 0.0 100 100 100 0.032 0.022
3 0 0 0.0352 0 0 1 0.835073 0 255 0 0.0064 0.033 0.033
1 -0.0122322 0.0110735 0.032 0 0 0 0 0 255 0 0.00165
end
0.04
2 0 0 0 0 0 1 0.0 100 100 100 0.032 0.022
3 0 0 0.0352 0 0 1 0.8767 0 255 0 0.0064 0.033 0.033
1 -0.0126824 0.0105549 0.032 0 0 0 0 0 255 0 0.00165
end
0.041
2 0 0 0 0 0 1 0.0 100 100 100 0.032 0.022
3 0 0 0.0352 0 0 1 0.919254 0 255 0 0.0064 0.033 0.033
1 -0.01312 0.0100058 0.032 0 0 0 0 0 255 0 0.00165
end
0.042
2 0 0 0 0 0 1 0.0 100 100 100 0.032 0.022
3 0 0 0.0352 0 0 1 0.962729 0 255 0 0.0064 0.033 0.033
1 -0.0135424 0.00942616 0.032 0 0 0 0 0 255 0 0.00165
end
0.043
2 0 0 0 0 0 1 0.0 100 100 100 0.032 0.022
3 0 0 0.0352 0 0 1 1.00712 0 255 0 0.0064 0.033 0.033
1 -0.0139474 0.00881592 0.032 0 0 0 0 0 255 0 0.00165
end
0.044
2 0 0 0 0 0 1 0.0 100 100 100 0.032 0.022
3 0 0 0.0352 0 0 1 1.05242 0 255 0 0.0064 0.033 0.033
1 -0.0143323 0.00817527 0.032 0 0 0 0 0 255 0 0.00165
end
0.045
2 0 0 0 0 0 1 0.0 100 100 100 0.032 0.022
3 0 0 0.0352 0 0 1 1.09862 0 255 0 0.0064 0.033 0.033
1 -0.0146946 0.00750458 0.032 0 0 0 0 0 255 0 0.00165
end
0.046
2 0 0 0 0 0 1 0.0 100 100 100 0.032 0.022
3 0 0 0.0352 0 0 1 1.14573 0 255 0 0.0064 0.033 0.033
1 -0.0150317 0.00680436 0.032 0 0 0 0 0 255 0 0.00165
end
0.047
2 0 0 0 0 0 1 0.0 100 100 100 0.032 0.022
3 0 0 0.0352 0 0 1 1.19372 0 255 0 0.0064 0.033 0.033
1 -0.0153408 0.00607535 0.032 0 0 0 0 0 255 0 0.00165
end
0.048
2 0 0 0 0 0 1 0.0 100 100 100 0.032 0.022
3 0 0 0.0352 0 0 1 1.2426 0 255 0 0.0064 0.033 0.033
1 -0.0156193 0.00531849 0.032 0 0 0 0 0 255 0 0.00165
end
0.049
2 0 0 0 0 0 1 0.0 100 100 100 0.032 0.022
3 0 0 0.0352 0 0 1 1.29237 0 255 0 0.0064 0.033 0.033
1 -0.0158646 0.00453494 0.032 0 0 0 0 0 255 0 0.00165
end
0.05
2 0 0 0 0 0 1 0.0 100 100 100 0.032 0.022
3 0 0 0.0352 0 0 1 1.34301 0 255 0 0.0064 0.033 0.033
1 -0.0160738 0.00372608 0.032 0 0 0 0 0 255 0 0.00165
end
0.051
2 0 0 0 0 0 1 0.0 100 100 100 0.032 0.022
3 0 0 0.0352 0 0 1 1.39452 0 255 0 0.0064 0.033 0.033
1 -0.0162443 0.00289352 0.032 0 0 0 0 0 255 0 0.00165
end
0.052
2 0 0 0 0 0 1 0.0 100 100 100 0.032 0.022
3 0 0 0.0352 0 0 1 1.4469 0 255 0 0.0064 0.033 0.033
1 -0.0163735 0.0020391 0.032 0 0 0 0 0 255 0 0.00165
end
0.053
2 0 0 0 0 0 1 0.0 100 100 100 0.032 0.022
3 0 0 0.0352 0 0 1 1.50013 0 255 0 0.0064 0.033 0.033
1 -0.0164588 0.00116495 0.032 0 0 0 0 0 255 0 0.00165
end
0.054
2 0 0 0 0 0 1 0.0 100 100 100 0.032 0.022
3 0 0 0.0352 0 0 1 1.55423 0 255 0 0.0064 0.033 0.033
1 -0.0164977 0.000273383 0.032 0 0 0 0 0 255 0 0.00165
end
0.055
2 0 0 0 0 0 1 0.0 100 100 100 0.032 0.022
3 0 0 0.0352 0 0 1 1.60917 0 255 0 0.0064 0.033 0.033
1 -0.0164879 -0.000632987 0.032 0 0 0 0 0 255 0 0.00165
end
0.056
2 0 0 0 0 0 1 0.0 100 100 100 0.032 0.022
3 0 0 0.0352 0 0 1 1.66495 0 255 0 0.0064 0.033 0.033
1 -0.0164269 -0.00155131 0.032 0 0 0 0 0 255 0 0.00165
end
0.057
2 0 0 0 0 0 1 0.0 100 100 100 0.032 0.022
3 0 0 0.0352 0 0 1 1.72158 0 255 0 0.0064 0.033 0.033
1 -0.0163128 -0.0024785 0.032 0 0 0 0 0 255 0 0.00165
end
0.058
2 0 0 0 0 0 1 0.0 100 100 100 0.032 0.022
3 0 0 0.0352 0 0 1 1.77904 0 255 0 0.0064 0.033 0.033
1 -0.0161435 -0.00341121 0.032 0 0 0 0 0 255 0 0.00165
end
0.059
2 0 0 0 0 0 1 0.0 100 100 100 0.032 0.022
3 0 0 0.0352 0 0 1 1.83733 0 255 0 0.0064 0.033 0.033
1 -0.0159174 -0.00434585 0.032 0 0 0 0 0 255 0 0.00165
end
0.06
2 0 0 0 0 0 1 0.0 100 100 100 0.032 0.022
3 0 0 0.0352 0 0 1 1.89644 0 255 0 0.0064 0.033 0.033
1 -0.0156329 -0.0052786 0.032 0 0 0 0 0 255 0 0.00165
end
0.061
2 0 0 0 0 0 1 0.0 100 100 100 0.032 0.022
3 0 0 0.0352 0 0 1 1.95637 0 255 0 0.0064 0.033 0.033
1 -0.0152886 -0.00620543 0.032 0 0 0 0 0 255 0 0.00165
end
0.062
2 0 0 0 0 0 1 0.0 100 100 100 0.032 0.022
3 0 0 0.0352 0 0 1 2.01711 0 255 0 0.0064 0.033 0.033
1 -0.0148837 -0.00712208 0.032 0 0 0 0 0 255 0 0.00165
end
0.063
2 0 0 0 0 0 1 0.0 100 100 100 0.032 0.022
3 0 0 0.0352 0 0 1 2.07866 0 255 0 0.0064 0.033 0.033
1 -0.0144175 -0.00802413 0.032 0 0 0 0 0 255 0 0.00165
end
0.064
2 0 0 0 0 0 1 0.0 100 100 100 0.032 0.022
3 0 0 0.0352 0 0 1 2.14101 0 255 0 0.0064 0.033 0.033
1 -0.0138894 -0.00890694 0.032 0 0 0 0 0 255 0 0.00165
end
0.065
2 0 0 0 0 0 1 0.0 100 100 100 0.032 0.022
3 0 0 0.0352 0 0 1 2.20417 0 255 0 0.0064 0.033 0.033
1 -0.0132996 -0.00976575 0.032 0 0 0 0 0 255 0 0.00165
end
0.066
2 0 0 0 0 0 1 0.0 100 100 100 0.032 0.022
3 0 0 0.0352 0 0 1 2.26811 0 255 0 0.0064 0.033 0.033
1 -0.0126484 -0.0105957 0.032 0 0 0 0 0 255 0 0.00165
end
0.067
2 0 0 0 0 0 1 0.0 100 100 100 0.032 0.022
3 0 0 0.0352 0 0 1 2.33284 0 255 0 0.0064 0.033 0.033
1 -0.0119365 -0.0113917 0.032 0 0 0 0 0 255 0 0.00165
end
0.068
2 0 0 0 0 0 1 0.0 100 100 100 0.032 0.022
3 0 0 0.0352 0 0 1 2.39836 0 255 0 0.0064 0.033 0.033
1 -0.0111651 -0.0121487 0.032 0 0 0 0 0 255 0 0.00165
end
0.069
2 0 0 0 0 0 1 0.0 100 100 100 0.032 0.022
3 0 0 0.0352 0 0 1 2.46466 0 255 0 0.0064 0.033 0.033
1 -0.0103357 -0.0128617 0.032 0 0 0 0 0 255 0 0.00165
end
0.07
2 0 0 0 0 0 1 0.0 100 100 100 0.032 0.022
3 0 0 0.0352 0 0 1 2.53173 0 255 0 0.0064 0.033 0.033
1 -0.00945047 -0.0135255 0.032 0 0 0 0 0 255 0 0.00165
end
0.071
2 0 0 0 0 0 1 0.0 100 100 100 0.032 0.022
3 0 0 0.0352 0 0 1 2.59957 0 255 0 0.0064 0.033 0.033
1 -0.00851188 -0.014135 0.032 0 0 0 0 0 255 0 0.00165
end
0.072
2 0 0 0 0 0 1 0.0 100 100 100 0.032 0.022
3 0 0 0.0352 0 0 1 2.66817 0 255 0 0.0064 0.033 0.033
1 -0.00752291 -0.0146852 0.032 0 0 0 0 0 255 0 0.00165
end
0.073
2 0 0 0 0 0 1 0.0 100 100 100 0.032 0.022
3 0 0 0.0352 0 0 1 2.73753 0 255 0 0.0064 0.033 0.033
1 -0.00648703 -0.0151713 0.032 0 0 0 0 0 255 0 0.00165
end
0.074
2 0 0 0 0 0 1 0.0 100 100 100 0.032 0.022
3 0 0 0.0352 0 0 1 2.80765 0 255 0 0.0064 0.033 0.033
1 -0.00540818 -0.0155885 0.032 0 0 0 0 0 255 0 0.00165
end
0.075
2 0 0 0 0 0 1 0.0 100 100 100 0.032 0.022
3 0 0 0.0352 0 0 1 2.87852 0 255 0 0.0064 0.033 0.033
1 -0.00429081 -0.0159323 0.032 0 0 0 0 0 255 0 0.00165
end
0.076
2 0 0 0 0 0 1 0.0 100 100 100 0.032 0.022
3 0 0 0.0352 0 0 1 2.95013 0 255 0 0.0064 0.033 0.033
1 -0.00313982 -0.0161985 0.032 0 0 0 0 0 255 0 0.00165
end
0.077
2 0 0 0 0 0 1 0.0 100 100 100 0.032 0.022
3 0 0 0.0352 0 0 1 3.02249 0 255 0 0.0064 0.033 0.033
1 -0.0019606 -0.0163831 0.032 0 0 0 0 0 255 0 0.00165
end
0.078
2 0 0 0 0 0 1 0.0 100 100 100 0.032 0.022
3 0 0 0.0352 0 0 1 3.09558 0 255 0 0.0064 0.033 0.033
1 -0.000758986 -0.0164825 0.032 0 0 0 0 0 255 0 0.00165
end
0.079
2 0 0 0 0 0 1 0.0 100 100 100 0.032 0.022
3 0 0 0.0352 0 0 1 3.1694 0 255 0 0.0064 0.033 0.033
1 0.000458751 -0.0164936 0.032 0 0 0 0 0 255 0 0.00165
end
0.08
2 0 0 0 0 0 1 0.0 100 100 100 0.032 0.022
3 0 0 0.0352 0 0 1 3.24395 0 255 0 0.0064 0.033 0.033
1 0.00168593 -0.0164136 0.032 0 0 0 0 0 255 0 0.00165
end
0.081
2 0 0 0 0 0 1 0.0 100 100 100 0.032 0.022
3 0 0 0.0352 0 0 1 3.31922 0 255 0 0.0064 0.033 0.033
1 0.00291547 -0.0162404 0.032 0 0 0 0 0 255 0 0.00165
end
0.082
2 0 0 0 0 0 1 0.0 100 100 100 0.032 0.022
3 0 0 0.0352 0 0 1 3.39521 0 255 0 0.0064 0.033 0.033
1 0.00413998 -0.0159722 0.032 0 0 0 0 0 255 0 0.00165
end
0.083
2 0 0 0 0 0 1 0.0 100 100 100 0.032 0.022
3 0 0 0.0352 0 0 1 3.47191 0 255 0 0.0064 0.033 0.033
1 0.00535173 -0.015608 0.032 0 0 0 0 0 255 0 0.00165
end
0.084
2 0 0 0 0 0 1 0.0 100 100 100 0.032 0.022
3 0 0 0.0352 0 0 1 3.54933 0 255 0 0.0064 0.033 0.033
1 0.00654276 -0.0151474 0.032 0 0 0 0 0 255 0 0.00165
end
0.085
2 0 0 0 0 0 1 0.0 100 100 100 0.032 0.022
3 0 0 0.0352 0 0 1 3.62745 0 255 0 0.0064 0.033 0.033
1 0.00770488 -0.0145906 0.032 0 0 0 0 0 255 0 0.00165
end
0.086
2 0 0 0 0 0 1 0.0 100 100 100 0.032 0.022
3 0 0 0.0352 0 0 1 3.70626 0 255 0 0.0064 0.033 0.033
1 0.00882978 -0.0139386 0.032 0 0 0 0 0 255 0 0.00165
end
0.087
2 0 0 0 0 0 1 0.0 100 100 100 0.032 0.022
3 0 0 0.0352 0 0 1 3.78578 0 255 0 0.0064 0.033 0.033
1 0.00990903 -0.0131932 0.032 0 0 0 0 0 255 0 0.00165
end
0.088
2 0 0 0 0 0 1 0.0 100 100 100 0.032 0.022
3 0 0 0.0352 0 0 1 3.86598 0 255 0 0.0064 0.033 0.033
1 0.0109342 -0.0123569 0.032 0 0 0 0 0 255 0 0.00165
end
0.089
2 0 0 0 0 0 1 0.0 100 100 100 0.032 0.022
3 0 0 0.0352 0 0 1 3.94688 0 255 0 0.0064 0.033 0.033
1 0.011897 -0.0114329 0.032 0 0 0 0 0 255 0 0.00165
end
0.09
2 0 0 0 0 0 1 0.0 100 100 100 0.032 0.022
3 0 0 0.0352 0 0 1 4.02846 0 255 0 0.0064 0.033 0.033
1 0.012789 -0.0104255 0.032 0 0 0 0 0 255 0 0.00165
end
0.091
2 0 0 0 0 0 1 0.0 100 100 100 0.032 0.022
3 0 0 0.0352 0 0 1 4.11071 0 255 0 0.0064 0.033 0.033
1 0.0136024 -0.00933942 0.032 0 0 0 0 0 255 0 0.00165
end
0.092
2 0 0 0 0 0 1 0.0 100 100 100 0.032 0.022
3 0 0 0.0352 0 0 1 4.19364 0 255 0 0.0064 0.033 0.033
1 0.0143293 -0.00818055 0.032 0 0 0 0 0 255 0 0.00165
end
0.093
2 0 0 0 0 0 1 0.0 100 100 100 0.032 0.022
3 0 0 0.0352 0 0 1 4.27725 0 255 0 0.0064 0.033 0.033
1 0.0149624 -0.00695542 0.032 0 0 0 0 0 255 0 0.00165
end
0.094
2 0 0 0 0 0 1 0.0 100 100 100 0.032 0.022
3 0 0 0.0352 0 0 1 4.36151 0 255 0 0.0064 0.033 0.033
1 0.0154947 -0.00567137 0.032 0 0 0 0 0 255 0 0.00165
end
0.095
2 0 0 0 0 0 1 0.0 100 100 100 0.032 0.022
3 0 0 0.0352 0 0 1 4.44644 0 255 0 0.0064 0.033 0.033
1 0.0159199 -0.00433653 0.032 0 0 0 0 0 255 0 0.00165
end
0.096
2 0 0 0 0 0 1 0.0 100 100 100 0.032 0.022
3 0 0 0.0352 0 0 1 4.53203 0 255 0 0.0064 0.033 0.033
1 0.0162324 -0.00295975 0.032 0 0 0 0 0 255 0 0.00165
end
0.097
2 0 0 0 0 0 1 0.0 100 100 100 0.032 0.022
3 0 0 0.0352 0 0 1 4.61828 0 255 0 0.0064 0.033 0.033
1 0.016427 -0.00155055 0.032 0 0 0 0 0 255 0 0.00165
end
0.098
2 0 0 0 0 0 1 0.0 100 100 100 0.032 0.022
3 0 0 0.0352 0 0 1 4.70517 0 255 0 0.0064 0.033 0.033
1 0.0164996 -0.000119102 0.032 0 0 0 0 0 255 0 0.00165
end
0.099
2 0 0 0 0 0 1 0.0 100 100 100 0.032 0.022
3 0 0 0.0352 0 0 1 4.79271 0 255 0 0.0064 0.033 0.033
1 0.0164468 0.00132387 0.032 0 0 0 0 0 255 0 0.00165
end
0.1
2 0 0 0 0 0 1 0.0 100 100 100 0.032 0.022
3 0 0 0.0352 0 0 1 4.88089 0 255 0 0.0064 0.033 0.033
1 0.0162663 0.00276716 0.032 0 0 0 0 0 255 0 0.00165
end
0.101
2 0 0 0 0 0 1 0.0 100 100 100 0.032 0.022
3 0 0 0.0352 0 0 1 4.96971 0 255 0 0.0064 0.033 0.033
1 0.0159567 0.00419912 0.032 0 0 0 0 0 255 0 0.00165
end
0.102
2 0 0 0 0 0 1 0.0 100 100 100 0.032 0.022
3 0 0 0.0352 0 0 1 5.05917 0 255 0 0.0064 0.033 0.033
1 0.0155178 0.00560782 0.032 0 0 0 0 0 255 0 0.00165
end
0.103
2 0 0 0 0 0 1 0.0 100 100 100 0.032 0.022
3 0 0 0.0352 0 0 1 5.14925 0 255 0 0.0064 0.033 0.033
1 0.0149504 0.0069811 0.032 0 0 0 0 0 255 0 0.00165
end
0.104
2 0 0 0 0 0 1 0.0 100 100 100 0.032 0.022
3 0 0 0.0352 0 0 1 5.23996 0 255 0 0.0064 0.033 0.033
1 0.0142565 0.00830669 0.032 0 0 0 0 0 255 0 0.00165
end
0.105
2 0 0 0 0 0 1 0.0 100 100 100 0.032 0.022
3 0 0 0.0352 0 0 1 5.33129 0 255 0 0.0064 0.033 0.033
1 0.0134395 0.00957235 0.032 0 0 0 0 0 255 0 0.00165
end
0.106
2 0 0 0 0 0 1 0.0 100 100 100 0.032 0.022
3 0 0 0.0352 0 0 1 5.42324 0 255 0 0.0064 0.033 0.033
1 0.0125038 0.010766 0.032 0 0 0 0 0 255 0 0.00165
end
0.107
2 0 0 0 0 0 1 0.0 100 100 100 0.032 0.022
3 0 0 0.0352 0 0 1 5.51581 0 255 0 0.0064 0.033 0.033
1 0.0114551 0.0118756 0.032 0 0 0 0 0 255 0 0.00165
end
0.108
2 0 0 0 0 0 1 0.0 100 100 100 0.032 0.022
3 0 0 0.0352 0 0 1 5.60899 0 255 0 0.0064 0.033 0.033
1 0.0103005 0.0128899 0.032 0 0 0 0 0 255 0 0.00165
end
0.109
2 0 0 0 0 0 1 0.0 100 100 100 0.032 0.022
3 0 0 0.0352 0 0 1 5.70277 0 255 0 0.0064 0.033 0.033
1 0.00904811 0.0137979 0.032 0 0 0 0 0 255 0 0.00165
end
0.11
2 0 0 0 0 0 1 0.0 100 100 100 0.032 0.022
3 0 0 0.0352 0 0 1 5.79716 0 255 0 0.0064 0.033 0.033
1 0.00770742 0.0145892 0.032 0 0 0 0 0 255 0 0.00165
end
0.111
2 0 0 0 0 0 1 0.0 100 100 100 0.032 0.022
3 0 0 0.0352 0 0 1 5.89215 0 255 0 0.0064 0.033 0.033
1 0.00628897 0.0152545 0.032 0 0 0 0 0 255 0 0.00165
end
0.112
2 0 0 0 0 0 1 0.0 100 100 100 0.032 0.022
3 0 0 0.0352 0 0 1 5.98773 0 255 0 0.0064 0.033 0.033
1 0.00480441 0.015785 0.032 0 0 0 0 0 255 0 0.00165
end
0.113
2 0 0 0 0 0 1 0.0 100 100 100 0.032 0.022
3 0 0 0.0352 0 0 1 6.0839 0 255 0 0.0064 0.033 0.033
1 0.00326641 0.0161735 0.032 0 0 0 0 0 255 0 0.00165
end
0.114
2 0 0 0 0 0 1 0.0 100 100 100 0.032 0.022
3 0 0 0.0352 0 0 1 6.18067 0 255 0 0.0064 0.033 0.033
1 0.00168857 0.0164134 0.032 0 0 0 0 0 255 0 0.00165
end
0.115
2 0 0 0 0 0 1 0.0 100 100 100 0.032 0.022
3 0 0 0.0352 0 0 1 6.27802 0 255 0 0.0064 0.033 0.033
1 8.52759e-005 0.0164998 0.032 0 0 0 0 0 255 0 0.00165
end
0.116
2 0 0 0 0 0 1 0.0 100 100 100 0.032 0.022
3 0 0 0.0352 0 0 1 6.37595 0 255 0 0.0064 0.033 0.033
1 -0.00152837 0.0164291 0.032 0 0 0 0 0 255 0 0.00165
end
0.117
2 0 0 0 0 0 1 0.0 100 100 100 0.032 0.022
3 0 0 0.0352 0 0 1 6.47445 0 255 0 0.0064 0.033 0.033
1 -0.00313674 0.0161991 0.032 0 0 0 0 0 255 0 0.00165
end
0.118
2 0 0 0 0 0 1 0.0 100 100 100 0.032 0.022
3 0 0 0.0352 0 0 1 6.57354 0 255 0 0.0064 0.033 0.033
1 -0.00472376 0.0158094 0.032 0 0 0 0 0 255 0 0.00165
end
0.119
2 0 0 0 0 0 1 0.0 100 100 100 0.032 0.022
3 0 0 0.0352 0 0 1 6.67319 0 255 0 0.0064 0.033 0.033
1 -0.00627316 0.015261 0.032 0 0 0 0 0 255 0 0.00165
end
0.12
2 0 0 0 0 0 1 0.0 100 100 100 0.032 0.022
3 0 0 0.0352 0 0 1 6.77341 0 255 0 0.0064 0.033 0.033
1 -0.00776857 0.0145568 0.032 0 0 0 0 0 255 0 0.00165
end
0.121
2 0 0 0 0 0 1 0.0 100 100 100 0.032 0.022
3 0 0 0.0352 0 0 1 6.87419 0 255 0 0.0064 0.033 0.033
1 -0.00919374 0.0137013 0.032 0 0 0 0 0 255 0 0.00165
end
0.122
2 0 0 0 0 0 1 0.0 100 100 100 0.032 0.022
3 0 0 0.0352 0 0 1 6.97553 0 255 0 0.0064 0.033 0.033
1 -0.0105327 0.0127009 0.032 0 0 0 0 0 255 0 0.00165
end
0.123
2 0 0 0 0 0 1 0.0 100 100 100 0.032 0.022
3 0 0 0.0352 0 0 1 7.07743 0 255 0 0.0064 0.033 0.033
1 -0.01177 0.0115636 0.032 0 0 0 0 0 255 0 0.00165
end
0.124
2 0 0 0 0 0 1 0.0 100 100 100 0.032 0.022
3 0 0 0.0352 0 0 1 7.17988 0 255 0 0.0064 0.033 0.033
1 -0.012891 0.0102992 0.032 0 0 0 0 0 255 0 0.00165
end
0.125
2 0 0 0 0 0 1 0.0 100 100 100 0.032 0.022
3 0 0 0.0352 0 0 1 7.28289 0 255 0 0.0064 0.033 0.033
1 -0.0138816 0.00891914 0.032 0 0 0 0 0 255 0 0.00165
end
0.126
2 0 0 0 0 0 1 0.0 100 100 100 0.032 0.022
3 0 0 0.0352 0 0 1 7.38643 0 255 0 0.0064 0.033 0.033
1 -0.0147292 0.00743652 0.032 0 0 0 0 0 255 0 0.00165
end
0.127
2 0 0 0 0 0 1 0.0 100 100 100 0.032 0.022
3 0 0 0.0352 0 0 1 7.49053 0 255 0 0.0064 0.033 0.033
1 -0.0154221 0.00586586 0.032 0 0 0 0 0 255 0 0.00165
end
0.128
2 0 0 0 0 0 1 0.0 100 100 100 0.032 0.022
3 0 0 0.0352 0 0 1 7.59516 0 255 0 0.0064 0.033 0.033
1 -0.0159504 0.0042231 0.032 0 0 0 0 0 255 0 0.00165
end
0.129
2 0 0 0 0 0 1 0.0 100 100 100 0.032 0.022
3 0 0 0.0352 0 0 1 7.70032 0 255 0 0.0064 0.033 0.033
1 -0.0163056 0.00252542 0.032 0 0 0 0 0 255 0 0.00165
end
0.13
2 0 0 0 0 0 1 0.0 100 100 100 0.032 0.022
3 0 0 0.0352 0 0 1 7.80602 0 255 0 0.0064 0.033 0.033
1 -0.016481 0.00079104 0.032 0 0 0 0 0 255 0 0.00165
end
0.131
2 0 0 0 0 0 1 0.0 100 100 100 0.032 0.022
3 0 0 0.0352 0 0 1 7.91225 0 255 0 0.0064 0.033 0.033
1 -0.016472 -0.000960886 0.032 0 0 0 0 0 255 0 0.00165
end
0.132
2 0 0 0 0 0 1 0.0 100 100 100 0.032 0.022
3 0 0 0.0352 0 0 1 8.01901 0 255 0 0.0064 0.033 0.033
1 -0.0162758 -0.00271054 0.032 0 0 0 0 0 255 0 0.00165
end
0.133
2 0 0 0 0 0 1 0.0 100 100 100 0.032 0.022
3 0 0 0.0352 0 0 1 8.12628 0 255 0 0.0064 0.033 0.033
1 -0.015892 -0.00443765 0.032 0 0 0 0 0 255 0 0.00165
end
0.134
2 0 0 0 0 0 1 0.0 100 100 100 0.032 0.022
3 0 0 0.0352 0 0 1 8.23408 0 255 0 0.0064 0.033 0.033
1 -0.0153224 -0.0061217 0.032 0 0 0 0 0 255 0 0.00165
end
0.135
2 0 0 0 0 0 1 0.0 100 100 100 0.032 0.022
3 0 0 0.0352 0 0 1 8.34239 0 255 0 0.0064 0.033 0.033
1 -0.0145708 -0.00774221 0.032 0 0 0 0 0 255 0 0.00165
end
0.136
2 0 0 0 0 0 1 0.0 100 100 100 0.032 0.022
3 0 0 0.0352 0 0 1 8.45122 0 255 0 0.0064 0.033 0.033
1 -0.0136437 -0.00927898 0.032 0 0 0 0 0 255 0 0.00165
end
0.137
2 0 0 0 0 0 1 0.0 100 100 100 0.032 0.022
3 0 0 0.0352 0 0 1 8.56056 0 255 0 0.0064 0.033 0.033
1 -0.0125497 -0.0107124 0.032 0 0 0 0 0 255 0 0.00165
end
0.138
2 0 0 0 0 0 1 0.0 100 100 100 0.032 0.022
3 0 0 0.0352 0 0 1 8.6704 0 255 0 0.0064 0.033 0.033
1 -0.0112997 -0.0120235 0.032 0 0 0 0 0 255 0 0.00165
end
0.139
2 0 0 0 0 0 1 0.0 100 100 100 0.032 0.022
3 0 0 0.0352 0 0 1 8.78075 0 255 0 0.0064 0.033 0.033
1 -0.00990694 -0.0131948 0.032 0 0 0 0 0 255 0 0.00165
end
0.14
2 0 0 0 0 0 1 0.0 100 100 100 0.032 0.022
3 0 0 0.0352 0 0 1 8.8916 0 255 0 0.0064 0.033 0.033
1 -0.0083865 -0.0142097 0.032 0 0 0 0 0 255 0 0.00165
end
0.141
2 0 0 0 0 0 1 0.0 100 100 100 0.032 0.022
3 0 0 0.0352 0 0 1 9.00295 0 255 0 0.0064 0.033 0.033
1 -0.00675563 -0.0150536 0.032 0 0 0 0 0 255 0 0.00165
end
0.142
2 0 0 0 0 0 1 0.0 100 100 100 0.032 0.022
3 0 0 0.0352 0 0 1 9.11479 0 255 0 0.0064 0.033 0.033
1 -0.00503333 -0.0157135 0.032 0 0 0 0 0 255 0 0.00165
end
0.143
2 0 0 0 0 0 1 0.0 100 100 100 0.032 0.022
3 0 0 0.0352 0 0 1 9.22712 0 255 0 0.0064 0.033 0.033
1 -0.00324018 -0.0161787 0.032 0 0 0 0 0 255 0 0.00165
end
0.144
2 0 0 0 0 0 1 0.0 100 100 100 0.032 0.022
3 0 0 0.0352 0 0 1 9.33994 0 255 0 0.0064 0.033 0.033
1 -0.00139815 -0.0164407 0.032 0 0 0 0 0 255 0 0.00165
end
0.145
2 0 0 0 0 0 1 0.0 100 100 100 0.032 0.022
3 0 0 0.0352 0 0 1 9.45325 0 255 0 0.0064 0.033 0.033
1 0.000469649 -0.0164933 0.032 0 0 0 0 0 255 0 0.00165
end
0.146
2 0 0 0 0 0 1 0.0 100 100 100 0.032 0.022
3 0 0 0.0352 0 0 1 9.56703 0 255 0 0.0064 0.033 0.033
1 0.00233931 -0.0163333 0.032 0 0 0 0 0 255 0 0.00165
end
0.147
2 0 0 0 0 0 1 0.0 100 100 100 0.032 0.022
3 0 0 0.0352 0 0 1 9.6813 0 255 0 0.0064 0.033 0.033
1 0.00418636 -0.0159601 0.032 0 0 0 0 0 255 0 0.00165
end
0.148
2 0 0 0 0 0 1 0.0 100 100 100 0.032 0.022
3 0 0 0.0352 0 0 1 9.79604 0 255 0 0.0064 0.033 0.033
1 0.00598614 -0.0153758 0.032 0 0 0 0 0 255 0 0.00165
end
0.149
2 0 0 0 0 0 1 0.0 100 100 100 0.032 0.022
3 0 0 0.0352 0 0 1 9.91126 0 255 0 0.0064 0.033 0.033
1 0.00771409 -0.0145857 0.032 0 0 0 0 0 255 0 0.00165
end
0.15
2 0 0 0 0 0 1 0.0 100 100 100 0.032 0.022
3 0 0 0.0352 0 0 1 10.0269 0 255 0 0.0064 0.033 0.033
1 0.00934615 -0.0135978 0.032 0 0 0 0 0 255 0 0.00165
end
0.151
2 0 0 0 0 0 1 0.0 100 100 100 0.032 0.022
3 0 0 0.0352 0 0 1 10.1431 0 255 0 0.0064 0.033 0.033
1 0.0108591 -0.012423 0.032 0 0 0 0 0 255 0 0.00165
end
0.152
2 0 0 0 0 0 1 0.0 100 100 100 0.032 0.022
3 0 0 0.0352 0 0 1 10.2597 0 255 0 0.0064 0.033 0.033
1 0.0122308 -0.0110751 0.032 0 0 0 0 0 255 0 0.00165
end
0.153
2 0 0 0 0 0 1 0.0 100 100 100 0.032 0.022
3 0 0 0.0352 0 0 1 10.3768 0 255 0 0.0064 0.033 0.033
1 0.0134408 -0.00957053 0.032 0 0 0 0 0 255 0 0.00165
end
0.154
2 0 0 0 0 0 1 0.0 100 100 100 0.032 0.022
3 0 0 0.0352 0 0 1 10.4943 0 255 0 0.0064 0.033 0.033
1 0.0144704 -0.00792829 0.032 0 0 0 0 0 255 0 0.00165
end
0.155
2 0 0 0 0 0 1 0.0 100 100 100 0.032 0.022
3 0 0 0.0352 0 0 1 10.6123 0 255 0 0.0064 0.033 0.033
1 0.0153031 -0.00616967 0.032 0 0 0 0 0 255 0 0.00165
end
0.156
2 0 0 0 0 0 1 0.0 100 100 100 0.032 0.022
3 0 0 0.0352 0 0 1 10.7308 0 255 0 0.0064 0.033 0.033
1 0.015925 -0.00431803 0.032 0 0 0 0 0 255 0 0.00165
end
0.157
2 0 0 0 0 0 1 0.0 100 100 100 0.032 0.022
3 0 0 0.0352 0 0 1 10.8497 0 255 0 0.0064 0.033 0.033
1 0.0163247 -0.00239852 0.032 0 0 0 0 0 255 0 0.00165
end
0.158
2 0 0 0 0 0 1 0.0 100 100 100 0.032 0.022
3 0 0 0.0352 0 0 1 10.969 0 255 0 0.0064 0.033 0.033
1 0.0164942 -0.000437755 0.032 0 0 0 0 0 255 0 0.00165
end
0.159
2 0 0 0 0 0 1 0.0 100 100 100 0.032 0.022
3 0 0 0.0352 0 0 1 11.0888 0 255 0 0.0064 0.033 0.033
1 0.0164283 0.00153654 0.032 0 0 0 0 0 255 0 0.00165
end
0.16
2 0 0 0 0 0 1 0.0 100 100 100 0.032 0.022
3 0 0 0.0352 0 0 1 11.2091 0 255 0 0.0064 0.033 0.033
1 0.0161254 0.00349594 0.032 0 0 0 0 0 255 0 0.00165
end
0.161
2 0 0 0 0 0 1 0.0 100 100 100 0.032 0.022
3 0 0 0.0352 0 0 1 11.3297 0 255 0 0.0064 0.033 0.033
1 0.0155873 0.00541172 0.032 0 0 0 0 0 255 0 0.00165
end
0.162
2 0 0 0 0 0 1 0.0 100 100 100 0.032 0.022
3 0 0 0.0352 0 0 1 11.4509 0 255 0 0.0064 0.033 0.033
1 0.0148193 0.00725525 0.032 0 0 0 0 0 255 0 0.00165
end
0.163
2 0 0 0 0 0 1 0.0 100 100 100 0.032 0.022
3 0 0 0.0352 0 0 1 11.5724 0 255 0 0.0064 0.033 0.033
1 0.0138303 0.0089985 0.032 0 0 0 0 0 255 0 0.00165
end
0.164
2 0 0 0 0 0 1 0.0 100 100 100 0.032 0.022
3 0 0 0.0352 0 0 1 11.6944 0 255 0 0.0064 0.033 0.033
1 0.0126327 0.0106144 0.032 0 0 0 0 0 255 0 0.00165
end
0.165
2 0 0 0 0 0 1 0.0 100 100 100 0.032 0.022
3 0 0 0.0352 0 0 1 11.8168 0 255 0 0.0064 0.033 0.033
1 0.0112421 0.0120774 0.032 0 0 0 0 0 255 0 0.00165
end
0.166
2 0 0 0 0 0 1 0.0 100 100 100 0.032 0.022
3 0 0 0.0352 0 0 1 11.9396 0 255 0 0.0064 0.033 0.033
1 0.00967768 0.0133638 0.032 0 0 0 0 0 255 0 0.00165
end
0.167
2 0 0 0 0 0 1 0.0 100 100 100 0.032 0.022
3 0 0 0.0352 0 0 1 12.0629 0 255 0 0.0064 0.033 0.033
1 0.00796129 0.0144523 0.032 0 0 0 0 0 255 0 0.00165
end
0.168
2 0 0 0 0 0 1 0.0 100 100 100 0.032 0.022
3 0 0 0.0352 0 0 1 12.1865 0 255 0 0.0064 0.033 0.033
1 0.00611767 0.015324 0.032 0 0 0 0 0 255 0 0.00165
end
0.169
2 0 0 0 0 0 1 0.0 100 100 100 0.032 0.022
3 0 0 0.0352 0 0 1 12.3106 0 255 0 0.0064 0.033 0.033
1 0.00417392 0.0159633 0.032 0 0 0 0 0 255 0 0.00165
end
0.17
2 0 0 0 0 0 1 0.0 100 100 100 0.032 0.022
3 0 0 0.0352 0 0 1 12.4351 0 255 0 0.0064 0.033 0.033
1 0.00215918 0.0163581 0.032 0 0 0 0 0 255 0 0.00165
end
0.171
2 0 0 0 0 0 1 0.0 100 100 100 0.032 0.022
3 0 0 0.0352 0 0 1 12.5601 0 255 0 0.0064 0.033 0.033
1 0.000104209 0.0164997 0.032 0 0 0 0 0 255 0 0.00165
end
